examples/example.asc
ncols         200
nrows         200
xllcorner     0.0
yllcorner     0.0
cellsize      1.0
NODATA_value  -9999
[rows 84 to 111 of 200, columns 126 to 188 of 200]
0.581880 0.458686 0.542557 0.400690 0.549162 0.613423 0.530777 0.478739 0.413309 0.408431 0.380584 0.580048 0.588325 0.475854 0.544857 0.502899 0.497531 0.360038 0.453570 0.496576 0.538621 0.506072 0.473404 0.628824 0.481925 0.572300 0.407055 0.539526 0.522152 0.479394 0.504047 0.551332 0.588997 0.713871 0.673642 0.466535 0.475571 0.434288 0.464972 0.460395 0.468437 0.646206 0.632382 0.572487 0.518490 0.340627 0.308191 0.451258 0.430101 0.430737 0.428253 0.409664 0.425696 0.633510 0.653709 0.513087 0.559095 0.467997 0.372807 0.520568 0.459583 0.414537 0.438647
0.492006 0.578794 0.446288 0.448283 0.537099 0.516302 0.445560 0.530617 0.552012 0.563497 0.523591 0.520978 0.580697 0.420098 0.451183 0.430402 0.581906 0.499294 0.533074 0.510706 0.570043 0.502323 0.508208 0.559946 0.626043 0.447571 0.520916 0.502929 0.415787 0.486912 0.400057 0.464483 0.546679 0.588483 0.515316 0.524101 0.583734 0.589614 0.628090 0.508820 0.453277 0.456970 0.449584 0.487520 0.406432 0.329270 0.440555 0.453072 0.477986 0.448523 0.442017 0.411595 0.489213 0.632981 0.538962 0.584749 0.525815 0.417319 0.339056 0.494813 0.535375 0.475944 0.581492
0.548539 0.632753 0.532877 0.484733 0.546114 0.444300 0.507217 0.444941 0.411796 0.445973 0.403813 0.405373 0.448904 0.374489 0.456653 0.432215 0.445073 0.575741 0.461989 0.416098 0.528890 0.441378 0.630479 0.688134 0.694709 0.653549 0.642628 0.635452 0.584523 0.647360 0.535662 0.639837 0.540743 0.667427 0.513870 0.445378 0.496174 0.468793 0.558976 0.539626 0.493107 0.388329 0.459843 0.503595 0.297579 0.260646 0.254148 0.312290 0.525823 0.471208 0.372927 0.400371 0.399935 0.395935 0.479419 0.596490 0.613564 0.558064 0.402284 0.449334 0.501359 0.664762 0.587870
0.420440 0.563927 0.576166 0.547757 0.405724 0.377777 0.450351 0.396427 0.544519 0.570795 0.310925 0.342290 0.446971 0.399604 0.444386 0.484154 0.413189 0.468617 0.508837 0.584076 0.499056 0.548172 0.626613 0.596144 0.589987 0.589782 0.619677 0.706238 0.566938 0.686607 0.610813 0.572183 0.682733 0.628902 0.602422 0.473473 0.397174 0.561921 0.546581 0.650127 0.660125 0.545860 0.491936 0.326568 0.420326 0.324167 0.250907 0.400000 0.427553 0.536778 0.505948 0.404490 0.388998 0.493612 0.396694 0.500456 0.598249 0.484292 0.390004 0.394202 0.469296 0.655276 0.459032
0.370195 0.528629 0.493386 0.412968 0.518207 0.516555 0.402476 0.370394 0.466239 0.566347 0.380819 0.419588 0.378833 0.503801 0.582333 0.570724 0.651733 0.500404 0.630294 0.603676 0.611258 0.485649 0.519495 0.457683 0.573048 0.650322 0.688087 0.635907 0.661308 0.617372 0.611186 0.556947 0.689434 0.611885 0.735929 0.600754 0.469520 0.539484 0.667732 0.616261 0.590039 0.486843 0.468326 0.488994 0.514771 0.365590 0.330284 0.350024 0.514524 0.429694 0.409167 0.429118 0.472251 0.418191 0.558724 0.534068 0.506885 0.483502 0.449944 0.477693 0.472194 0.452472 0.491729
0.457620 0.384956 0.381203 0.433007 0.477920 0.497572 0.598608 0.456601 0.523698 0.385450 0.320331 0.414184 0.442590 0.541845 0.488706 0.544170 0.498425 0.627394 0.728297 0.616647 0.677649 0.487567 0.573839 0.590133 0.732399 0.730587 0.637196 0.599513 0.677089 0.538074 0.638305 0.664679 0.641955 0.670465 0.667199 0.656476 0.714585 0.542307 0.494272 0.578680 0.615751 0.624880 0.457635 0.424449 0.510725 0.465085 0.544149 0.432890 0.458700 0.485656 0.324705 0.371432 0.387337 0.338666 0.389251 0.560808 0.666143 0.590375 0.499787 0.481723 0.586115 0.452345 0.577191
0.330479 0.345421 0.468873 0.540595 0.532268 0.603474 0.598222 0.491083 0.332466 0.306379 0.365696 0.472044 0.492826 0.566226 0.559329 0.424554 0.568833 0.556900 0.625351 0.653717 0.699723 0.610921 0.667720 0.559912 0.590364 0.659133 0.689142 0.648574 0.664115 0.517160 0.610973 0.661698 0.609672 0.601720 0.658337 0.765567 0.739008 0.627942 0.633936 0.613874 0.587586 0.745714 0.702305 0.554787 0.422174 0.571848 0.531391 0.511225 0.585528 0.595959 0.420583 0.442903 0.314326 0.306630 0.535638 0.541248 0.551530 0.650189 0.620558 0.656155 0.588825 0.621960 0.542085
0.406275 0.399996 0.590232 0.592013 0.585106 0.543964 0.621945 0.492683 0.498537 0.363117 0.451225 0.387667 0.433486 0.429357 0.351461 0.372111 0.426632 0.447140 0.484804 0.677373 0.742534 0.661242 0.683715 0.716222 0.764790 0.719014 0.726223 0.773366 0.636154 0.651409 0.633332 0.573742 0.626254 0.777926 0.617460 0.690951 0.749833 0.523073 0.522346 0.572592 0.517125 0.678869 0.678432 0.480075 0.529586 0.604930 0.576018 0.474585 0.427892 0.500375 0.474717 0.418869 0.429544 0.461091 0.392623 0.570967 0.595788 0.554713 0.621535 0.608675 0.628223 0.530927 0.458863
0.363524 0.440967 0.527465 0.611741 0.605647 0.632264 0.468947 0.416993 0.401436 0.313984 0.337975 0.387047 0.351417 0.366901 0.477195 0.357500 0.434750 0.491732 0.508190 0.646976 0.524736 0.682817 0.610472 0.625242 0.654243 0.613212 0.684104 0.744543 0.626975 0.613389 0.572159 0.626445 0.649103 0.775638 0.750094 0.667856 0.678370 0.572465 0.444933 0.583931 0.603330 0.664134 0.590640 0.450149 0.487104 0.585936 0.420788 0.556115 0.578769 0.483183 0.407859 0.331847 0.398943 0.400944 0.409979 0.514016 0.562528 0.633950 0.577921 0.594151 0.536794 0.501843 0.505045
0.496501 0.403551 0.495160 0.588931 0.598873 0.607476 0.518118 0.484525 0.423260 0.338951 0.425172 0.436319 0.377514 0.483526 0.407117 0.479528 0.479525 0.435962 0.443697 0.516776 0.468612 0.715016 0.729281 0.690630 0.582392 0.584756 0.573497 0.686850 0.755818 0.692621 0.663511 0.623273 0.554377 0.554202 0.559805 0.687206 0.570748 0.541672 0.563030 0.599604 0.695760 0.587615 0.660794 0.521678 0.394626 0.463525 0.456791 0.533609 0.583505 0.481509 0.477204 0.476735 0.481545 0.389055 0.513369 0.426502 0.405515 0.421618 0.436697 0.468416 0.436345 0.456140 0.484199
0.523424 0.469406 0.421773 0.608709 0.471077 0.460194 0.490020 0.524513 0.460099 0.539903 0.358725 0.540378 0.538937 0.460250 0.485583 0.526605 0.515163 0.360109 0.395638 0.406311 0.464349 0.589325 0.737104 0.718414 0.628107 0.527891 0.501142 0.584555 0.677730 0.717609 0.674342 0.702841 0.552718 0.572922 0.471828 0.527540 0.623527 0.589583 0.601270 0.722582 0.598318 0.650395 0.550726 0.474955 0.485422 0.379812 0.523037 0.603613 0.564812 0.410853 0.408218 0.377319 0.476849 0.610929 0.569749 0.451973 0.553908 0.487302 0.600488 0.576983 0.551335 0.415967 0.588170
0.381129 0.391840 0.527179 0.572876 0.493477 0.489770 0.467956 0.542514 0.426272 0.570933 0.388535 0.482270 0.595357 0.361717 0.543339 0.538362 0.470194 0.399466 0.429484 0.516883 0.527503 0.643528 0.712678 0.572946 0.563841 0.565476 0.490351 0.591497 0.754337 0.632899 0.622104 0.697780 0.602645 0.536729 0.586112 0.609606 0.534076 0.543442 0.643545 0.661231 0.526641 0.676068 0.615625 0.623113 0.439382 0.404965 0.469626 0.395701 0.466411 0.463574 0.558243 0.446668 0.589656 0.608493 0.650008 0.492418 0.665145 0.624156 0.522512 0.459159 0.440083 0.417171 0.498359
0.541191 0.413999 0.416221 0.524337 0.527654 0.525223 0.493780 0.474458 0.503440 0.368914 0.425560 0.447160 0.533331 0.316948 0.330049 0.514168 0.425488 0.440666 0.460958 0.389317 0.454494 0.683308 0.662520 0.470170 0.529137 0.514419 0.640859 0.682296 0.651456 0.573349 0.665680 0.714276 0.553083 0.563702 0.636592 0.563327 0.610697 0.722303 0.684563 0.553284 0.579614 0.513195 0.589206 0.664839 0.631788 0.460736 0.390428 0.495804 0.458026 0.514128 0.554224 0.563006 0.524684 0.460301 0.608284 0.555179 0.558260 0.525765 0.646553 0.400945 0.451284 0.448356 0.442937
0.423390 0.387999 0.374998 0.487227 0.389312 0.559786 0.526041 0.498802 0.480541 0.425154 0.360165 0.468354 0.328632 0.359925 0.476202 0.545147 0.391157 0.447538 0.634593 0.551446 0.469227 0.634009 0.628529 0.549820 0.369562 0.464933 0.478021 0.576717 0.512100 0.509169 0.730694 0.651297 0.538643 0.595447 0.628340 0.712396 0.709979 0.795636 0.839867 0.599500 0.562041 0.624972 0.666666 0.478929 0.554688 0.577459 0.580510 0.431646 0.459279 0.513224 0.649195 0.422964 0.562529 0.542828 0.515758 0.574852 0.583246 0.576467 0.521880 0.496843 0.551499 0.436524 0.501719
0.510799 0.516202 0.445468 0.368663 0.446302 0.648369 0.619765 0.613903 0.589152 0.405938 0.352691 0.453402 0.296845 0.245522 0.401286 0.368099 0.454798 0.503251 0.651541 0.549052 0.583238 0.606953 0.557233 0.466645 0.398094 0.473481 0.598951 0.596377 0.507787 0.611751 0.629841 0.599043 0.761079 0.700500 0.594671 0.598893 0.626994 0.739005 0.825842 0.664800 0.602692 0.636187 0.513193 0.463312 0.645880 0.567594 0.690224 0.548087 0.591530 0.687682 0.692592 0.693083 0.675545 0.502207 0.549588 0.544879 0.604096 0.630430 0.664001 0.662489 0.488199 0.482397 0.580381
0.535807 0.391904 0.381593 0.527640 0.562454 0.600185 0.548514 0.527953 0.571215 0.526026 0.440239 0.356187 0.308626 0.381880 0.359070 0.420421 0.511525 0.531908 0.569386 0.647048 0.490899 0.544708 0.395443 0.409702 0.398207 0.511299 0.504222 0.609834 0.546185 0.666195 0.669854 0.606704 0.727162 0.747219 0.736466 0.628355 0.680704 0.827738 0.753580 0.637738 0.723546 0.576915 0.500005 0.678318 0.734657 0.696654 0.508275 0.490625 0.505491 0.606298 0.557920 0.657649 0.617925 0.600335 0.568584 0.582400 0.616937 0.600811 0.612311 0.616141 0.671218 0.597373 0.617183
0.594919 0.460853 0.423628 0.511134 0.431437 0.481719 0.541673 0.530097 0.395113 0.570482 0.509078 0.530117 0.403825 0.350576 0.463851 0.383012 0.535616 0.419736 0.471809 0.662491 0.567422 0.555422 0.533236 0.463530 0.423103 0.371332 0.449688 0.640917 0.543538 0.629719 0.773090 0.603110 0.671827 0.778804 0.759397 0.711590 0.711215 0.800769 0.823298 0.720915 0.699703 0.507244 0.525469 0.554608 0.564826 0.582396 0.541494 0.450535 0.584185 0.440873 0.479748 0.679189 0.578926 0.582651 0.759711 0.597772 0.740880 0.706431 0.745159 0.732030 0.666021 0.646943 0.693172
0.481992 0.473963 0.388086 0.442041 0.509052 0.492586 0.481252 0.521716 0.500831 0.479937 0.421841 0.497528 0.482919 0.493519 0.543086 0.536003 0.488377 0.521757 0.458473 0.587408 0.699385 0.610975 0.484195 0.484958 0.602522 0.476976 0.553846 0.555894 0.515740 0.719008 0.627393 0.640791 0.708889 0.626914 0.681798 0.701929 0.736466 0.805546 0.741439 0.683733 0.770476 0.568102 0.633814 0.708417 0.687899 0.585229 0.712387 0.597622 0.428551 0.437411 0.434052 0.555559 0.641973 0.698715 0.618606 0.685327 0.674936 0.727752 0.636755 0.562142 0.566928 0.630978 0.632243
0.544844 0.661219 0.624694 0.501208 0.380724 0.405088 0.497729 0.507943 0.541636 0.528636 0.564700 0.530022 0.376155 0.383624 0.407325 0.514394 0.615371 0.623342 0.530007 0.604168 0.569810 0.699765 0.646077 0.628074 0.591664 0.607286 0.440017 0.545879 0.623624 0.640134 0.604620 0.556972 0.625883 0.617722 0.622343 0.686051 0.625104 0.817035 0.854659 0.667375 0.753337 0.616282 0.595941 0.720611 0.624795 0.679551 0.696442 0.634607 0.498177 0.528549 0.614935 0.619241 0.501520 0.573332 0.561798 0.602796 0.592991 0.669291 0.570738 0.724744 0.703706 0.735577 0.580631
0.643025 0.640949 0.603739 0.578304 0.502632 0.375542 0.500112 0.591766 0.507575 0.539382 0.599826 0.456249 0.363108 0.458270 0.514292 0.556729 0.643551 0.636761 0.480297 0.486989 0.706268 0.678889 0.584252 0.540639 0.711025 0.600227 0.500050 0.459084 0.642927 0.629655 0.567141 0.685667 0.725827 0.530737 0.542892 0.608757 0.569516 0.777768 0.806144 0.785717 0.674821 0.743226 0.804912 0.718257 0.640725 0.691554 0.769961 0.696186 0.545114 0.475373 0.660212 0.589591 0.525533 0.637105 0.636800 0.663496 0.613996 0.659916 0.696227 0.601134 0.617051 0.687239 0.725114
0.677458 0.684788 0.522611 0.533583 0.555529 0.424072 0.460300 0.434914 0.551884 0.551885 0.630243 0.431958 0.539056 0.563549 0.614583 0.602737 0.499821 0.640361 0.491098 0.526590 0.637854 0.715446 0.758410 0.636682 0.653416 0.521302 0.672442 0.471825 0.647895 0.559723 0.556672 0.707042 0.661522 0.496231 0.648911 0.595796 0.727041 0.779503 0.668703 0.646814 0.791407 0.792612 0.715175 0.785692 0.747397 0.767339 0.726880 0.792211 0.753606 0.652337 0.610710 0.533247 0.563795 0.713210 0.675784 0.638330 0.657867 0.727826 0.660015 0.517348 0.522717 0.587124 0.607415
0.703110 0.659424 0.518801 0.533945 0.469879 0.430830 0.450935 0.443642 0.587111 0.524642 0.655949 0.549447 0.534803 0.560713 0.556464 0.496547 0.455818 0.535028 0.618413 0.517305 0.527811 0.666412 0.652864 0.610515 0.502467 0.546338 0.674557 0.543652 0.521172 0.592745 0.600243 0.473116 0.529778 0.529330 0.518252 0.708307 0.725291 0.809564 0.817725 0.696224 0.744414 0.792294 0.733814 0.723810 0.650444 0.784943 0.797725 0.664610 0.795225 0.709592 0.616086 0.527335 0.562046 0.554300 0.602072 0.611201 0.509801 0.719766 0.596351 0.577911 0.537732 0.499188 0.639524
0.621860 0.630180 0.667186 0.588227 0.594402 0.641231 0.519609 0.453108 0.455301 0.469809 0.493782 0.680472 0.580441 0.571982 0.643075 0.537018 0.654876 0.709578 0.632946 0.514874 0.569105 0.782389 0.783651 0.723618 0.640643 0.566335 0.605695 0.698396 0.649538 0.621266 0.483710 0.405954 0.480825 0.375429 0.462698 0.507531 0.704938 0.749327 0.716018 0.571717 0.602397 0.575305 0.582560 0.790018 0.706673 0.742418 0.769881 0.704282 0.628792 0.776498 0.779011 0.579574 0.578717 0.597578 0.476394 0.629034 0.473720 0.619626 0.709407 0.551999 0.649098 0.542715 0.502738
0.750416 0.731057 0.688489 0.590761 0.612211 0.610945 0.562633 0.530986 0.474489 0.558189 0.704586 0.678044 0.644958 0.718014 0.571901 0.512273 0.549938 0.609900 0.533222 0.630393 0.628831 0.727572 0.723718 0.713769 0.559023 0.616238 0.708183 0.707818 0.553696 0.563851 0.494832 0.574619 0.440319 0.411823 0.486001 0.557221 0.652352 0.718638 0.624107 0.556171 0.619320 0.568769 0.585696 0.713479 0.603059 0.644371 0.705568 0.771458 0.776602 0.732857 0.675287 0.642382 0.569845 0.553804 0.618822 0.500296 0.526535 0.619140 0.597453 0.497311 0.535786 0.593248 0.481391
0.521595 0.742442 0.693307 0.709219 0.688149 0.668929 0.505121 0.496688 0.548054 0.609567 0.747346 0.766289 0.693741 0.724117 0.629900 0.628022 0.550577 0.598343 0.578548 0.582765 0.494462 0.673688 0.743330 0.724029 0.682411 0.589615 0.651506 0.754761 0.650569 0.701906 0.590361 0.438185 0.457150 0.517139 0.509725 0.454350 0.557037 0.668511 0.700672 0.688711 0.645817 0.508387 0.647001 0.741103 0.712467 0.696415 0.522073 0.644038 0.778004 0.695488 0.601803 0.538453 0.595934 0.439265 0.511973 0.409872 0.570999 0.699489 0.575824 0.535734 0.492842 0.572634 0.505221
0.687636 0.615934 0.695768 0.592269 0.647397 0.669387 0.417925 0.471396 0.523506 0.707235 0.697093 0.635300 0.539768 0.543806 0.647224 0.601484 0.554591 0.466035 0.457756 0.584526 0.594206 0.589860 0.573441 0.680852 0.741801 0.552957 0.684955 0.591760 0.518359 0.604026 0.528049 0.577543 0.451540 0.559482 0.494320 0.576374 0.708810 0.672087 0.677937 0.547099 0.556487 0.490829 0.468772 0.576296 0.705606 0.597389 0.481876 0.650547 0.632207 0.613635 0.695931 0.544075 0.552077 0.417815 0.474632 0.448543 0.657146 0.582736 0.577879 0.442916 0.432592 0.475307 0.405377
0.681751 0.579538 0.620113 0.602829 0.556823 0.608579 0.482838 0.386359 0.466961 0.564952 0.707556 0.635572 0.581461 0.545409 0.499461 0.476805 0.562717 0.483329 0.395947 0.491776 0.491306 0.459387 0.553112 0.688036 0.682810 0.693400 0.681401 0.538696 0.618096 0.622336 0.402742 0.477627 0.513926 0.566749 0.509617 0.642468 0.597444 0.694491 0.621991 0.574036 0.699548 0.520602 0.624352 0.565390 0.486264 0.539517 0.561342 0.597167 0.522139 0.646065 0.645511 0.597692 0.477863 0.343499 0.346860 0.466410 0.564709 0.498330 0.494585 0.451597 0.353572 0.438891 0.380075
0.552799 0.551415 0.556879 0.501897 0.380384 0.463906 0.436226 0.550609 0.527342 0.632489 0.502666 0.488597 0.498350 0.514167 0.656399 0.510666 0.543850 0.522263 0.515415 0.430212 0.470477 0.413233 0.471539 0.598015 0.532589 0.608932 0.524311 0.679130 0.647722 0.461048 0.453858 0.391401 0.366534 0.539050 0.481087 0.485823 0.583337 0.516380 0.526176 0.680661 0.734661 0.650912 0.532926 0.614389 0.566483 0.514640 0.528829 0.625801 0.661177 0.485612 0.605675 0.602290 0.545254 0.444672 0.447387 0.447294 0.520438 0.456307 0.492366 0.545129 0.388484 0.422768 0.348458
