examples/example.asc
ncols         200
nrows         200
xllcorner     0.0
yllcorner     0.0
cellsize      1.0
NODATA_value  -9999
[rows 56 to 83 of 200, columns 63 to 125 of 200]
0.479652 0.470222 0.548225 0.418231 0.492043 0.421422 0.456354 0.550536 0.579615 0.530369 0.558951 0.662250 0.699548 0.668179 0.618825 0.625061 0.543630 0.577934 0.576792 0.695864 0.557888 0.523494 0.679976 0.642667 0.659672 0.642879 0.424670 0.418069 0.534169 0.405269 0.449596 0.616319 0.709948 0.571333 0.599566 0.674949 0.484915 0.568809 0.614617 0.457619 0.622298 0.606099 0.570852 0.437996 0.365112 0.356099 0.327996 0.457138 0.483609 0.411214 0.465661 0.475898 0.334819 0.389258 0.477710 0.416824 0.448654 0.485651 0.563258 0.516805 0.513457 0.545998 0.528493
0.518409 0.375229 0.504399 0.486925 0.447231 0.603325 0.601242 0.664903 0.503643 0.572210 0.541129 0.499654 0.621183 0.632077 0.510432 0.512628 0.733633 0.515278 0.617883 0.600406 0.694169 0.532353 0.656255 0.710613 0.578182 0.604425 0.452673 0.518866 0.536764 0.455007 0.520633 0.593144 0.582696 0.647686 0.620343 0.589841 0.477287 0.598352 0.477764 0.537004 0.444087 0.481352 0.541352 0.402992 0.468826 0.375237 0.409358 0.420543 0.423900 0.502867 0.442193 0.538624 0.574301 0.505170 0.415349 0.359789 0.443605 0.454353 0.538696 0.445320 0.559324 0.653454 0.619350
0.356514 0.414514 0.500962 0.531710 0.553189 0.507099 0.653075 0.583582 0.461658 0.613535 0.452735 0.459989 0.644799 0.543531 0.495996 0.493768 0.623292 0.595307 0.541858 0.558889 0.563847 0.612726 0.600597 0.797842 0.776947 0.586219 0.573293 0.446517 0.615653 0.557561 0.693451 0.574864 0.630896 0.513860 0.621234 0.593199 0.483074 0.495014 0.524592 0.411968 0.348970 0.525040 0.589141 0.513168 0.485061 0.330500 0.476410 0.400402 0.349918 0.488424 0.540537 0.541374 0.584587 0.438999 0.397844 0.384628 0.402795 0.580573 0.580973 0.615379 0.682784 0.656533 0.598164
0.305207 0.318334 0.543542 0.625079 0.560449 0.588072 0.592400 0.583917 0.459005 0.557058 0.565031 0.609036 0.576550 0.554233 0.450429 0.468307 0.651299 0.636806 0.473972 0.447213 0.499036 0.559263 0.740830 0.725115 0.678842 0.644507 0.567528 0.509686 0.641904 0.733786 0.701339 0.690234 0.538057 0.509091 0.472260 0.485387 0.586220 0.550807 0.421269 0.507941 0.454031 0.409880 0.393217 0.320787 0.346897 0.324481 0.512181 0.437798 0.476724 0.487241 0.407521 0.552611 0.620010 0.469205 0.377160 0.348292 0.489634 0.458499 0.678464 0.559125 0.611885 0.665832 0.646502
0.339622 0.424546 0.454373 0.524278 0.571978 0.527003 0.530367 0.533190 0.554010 0.408164 0.565209 0.597466 0.493559 0.496266 0.556389 0.576700 0.708007 0.698070 0.475577 0.470233 0.575938 0.567934 0.574632 0.590124 0.464093 0.512764 0.543152 0.602833 0.623579 0.697039 0.714699 0.758133 0.623320 0.489967 0.447785 0.492361 0.505049 0.650232 0.416215 0.441496 0.576372 0.507994 0.339496 0.418216 0.463096 0.380143 0.387252 0.381351 0.602934 0.615971 0.389170 0.426484 0.435526 0.525679 0.402889 0.566820 0.536440 0.508450 0.725347 0.619845 0.723795 0.659435 0.585045
0.357053 0.438083 0.500570 0.545161 0.451850 0.459149 0.438161 0.394633 0.418072 0.408186 0.580002 0.483871 0.570603 0.602306 0.531787 0.504639 0.671324 0.711995 0.583282 0.635271 0.643633 0.640751 0.622022 0.669722 0.542559 0.623082 0.562333 0.605060 0.583137 0.565081 0.652095 0.598113 0.602978 0.483852 0.580440 0.559936 0.583784 0.647607 0.580808 0.512493 0.545488 0.604509 0.387376 0.361449 0.538781 0.480720 0.410120 0.421047 0.565004 0.676312 0.563369 0.576203 0.470243 0.472047 0.494547 0.634436 0.497216 0.654955 0.651317 0.558091 0.590211 0.571506 0.673643
0.263698 0.396865 0.451765 0.481941 0.499755 0.389342 0.411449 0.484188 0.308621 0.339070 0.396318 0.451714 0.540173 0.543064 0.465107 0.575059 0.519328 0.606289 0.599355 0.555448 0.670097 0.600058 0.563582 0.577879 0.581270 0.599031 0.502397 0.500875 0.463331 0.558577 0.555822 0.699057 0.643803 0.665237 0.556646 0.508659 0.554784 0.475480 0.644650 0.594111 0.568043 0.635230 0.458694 0.477187 0.399334 0.486380 0.341686 0.391757 0.487384 0.633991 0.423532 0.407273 0.467929 0.531547 0.555530 0.526281 0.488075 0.608317 0.628603 0.622804 0.677636 0.681084 0.647684
0.344119 0.428291 0.389883 0.462323 0.536154 0.448301 0.517409 0.349377 0.358376 0.369484 0.564127 0.569708 0.497500 0.471110 0.628212 0.563663 0.633860 0.530812 0.474083 0.557205 0.601678 0.555001 0.545985 0.596015 0.583344 0.542253 0.651550 0.566099 0.519542 0.609753 0.698044 0.680884 0.575060 0.528129 0.522728 0.592197 0.548850 0.513630 0.563654 0.517305 0.598004 0.678296 0.570839 0.606016 0.503476 0.421963 0.479585 0.518398 0.549434 0.534709 0.549171 0.577280 0.441337 0.474811 0.506716 0.617527 0.645098 0.527516 0.659762 0.660639 0.770491 0.850682 0.739771
0.408909 0.407546 0.404064 0.352114 0.608289 0.599295 0.520663 0.340546 0.375964 0.502187 0.469509 0.632225 0.484808 0.519829 0.551624 0.705525 0.579981 0.548441 0.596190 0.512864 0.474667 0.533919 0.622419 0.608399 0.598644 0.614912 0.514825 0.593762 0.542991 0.557568 0.708431 0.564325 0.593890 0.496015 0.432878 0.643606 0.585814 0.450479 0.553158 0.568422 0.605238 0.552688 0.591925 0.502722 0.606975 0.532570 0.388491 0.493106 0.481090 0.670684 0.689120 0.645620 0.508098 0.649096 0.471720 0.496536 0.632281 0.579530 0.669610 0.574564 0.664515 0.799794 0.805632
0.350935 0.448347 0.368593 0.343382 0.508777 0.527520 0.423422 0.442707 0.312443 0.469110 0.489553 0.441472 0.595573 0.463030 0.551937 0.709337 0.705039 0.645489 0.553280 0.489071 0.567533 0.560795 0.530492 0.539920 0.592851 0.545502 0.482508 0.608271 0.467143 0.535575 0.566908 0.526025 0.450555 0.447425 0.504369 0.462832 0.604444 0.544606 0.469039 0.382821 0.381812 0.470630 0.504960 0.424474 0.547385 0.524166 0.465754 0.650081 0.610216 0.726999 0.528464 0.653779 0.627361 0.606863 0.606136 0.687200 0.529113 0.674497 0.655227 0.633289 0.670450 0.711623 0.659729
0.294684 0.426653 0.360548 0.319554 0.389203 0.403972 0.290831 0.432354 0.483216 0.274626 0.419978 0.400892 0.544126 0.566036 0.474161 0.468935 0.648771 0.619844 0.434293 0.406076 0.519792 0.571548 0.502034 0.552196 0.630618 0.660514 0.619103 0.500759 0.586228 0.497560 0.622656 0.523924 0.508229 0.540439 0.519932 0.501009 0.524912 0.570634 0.477216 0.365376 0.348707 0.456588 0.388931 0.473623 0.388951 0.425006 0.481078 0.613641 0.718183 0.647474 0.636851 0.653400 0.737096 0.726916 0.581719 0.700898 0.507451 0.620699 0.576829 0.490803 0.649974 0.504972 0.632315
0.399387 0.400146 0.242580 0.214677 0.407117 0.363555 0.326922 0.479192 0.481941 0.407664 0.373961 0.536286 0.458656 0.585949 0.516014 0.390437 0.578986 0.450595 0.506677 0.415745 0.495464 0.630238 0.557445 0.561486 0.438453 0.514672 0.639871 0.548098 0.665502 0.706187 0.565198 0.553134 0.517738 0.638736 0.661547 0.695424 0.669049 0.699354 0.533613 0.492510 0.427915 0.435465 0.354580 0.346562 0.417423 0.606849 0.639338 0.678710 0.549856 0.552833 0.592071 0.652988 0.667016 0.662882 0.701850 0.605676 0.481661 0.470084 0.528082 0.620384 0.596913 0.533112 0.476901
0.425974 0.395116 0.273561 0.202047 0.424265 0.321200 0.465440 0.456101 0.441700 0.540574 0.460938 0.465868 0.559335 0.545830 0.364077 0.386511 0.555368 0.410490 0.531235 0.458554 0.495742 0.436364 0.374782 0.465689 0.469686 0.452157 0.601432 0.539442 0.669852 0.698642 0.500564 0.585355 0.576262 0.598855 0.707249 0.771905 0.792390 0.628037 0.493320 0.626967 0.511411 0.409240 0.579724 0.539394 0.596334 0.613708 0.545126 0.553783 0.700368 0.702192 0.587897 0.589611 0.606367 0.559700 0.549497 0.607924 0.532954 0.524927 0.445358 0.455394 0.627002 0.459590 0.406223
0.500955 0.444431 0.297070 0.268738 0.322193 0.214140 0.325111 0.316119 0.490159 0.469963 0.400120 0.447708 0.544482 0.358227 0.452256 0.481924 0.483629 0.484969 0.454304 0.359723 0.402954 0.423095 0.503240 0.440809 0.440985 0.361768 0.521251 0.564597 0.664663 0.568014 0.610879 0.596382 0.566843 0.582779 0.611315 0.695722 0.779328 0.616273 0.609233 0.683138 0.476688 0.526702 0.553578 0.576419 0.558140 0.671272 0.587556 0.705936 0.713021 0.718027 0.519843 0.551447 0.612525 0.612361 0.614658 0.579831 0.537365 0.629434 0.523330 0.577899 0.574190 0.530187 0.516918
0.438708 0.499574 0.344077 0.320730 0.328234 0.324343 0.264534 0.341717 0.459776 0.315448 0.471713 0.307904 0.446243 0.341348 0.441299 0.341792 0.427701 0.290726 0.284984 0.327923 0.356031 0.431213 0.497535 0.404055 0.489647 0.341374 0.454608 0.528593 0.658698 0.548500 0.618059 0.519697 0.675437 0.541054 0.719055 0.699381 0.860958 0.767531 0.784546 0.759019 0.756629 0.657759 0.647949 0.632059 0.677606 0.594764 0.620648 0.656405 0.754111 0.581117 0.577928 0.520556 0.496257 0.461876 0.447013 0.513361 0.473784 0.537714 0.490839 0.595058 0.499623 0.532359 0.625184
0.367858 0.289144 0.320965 0.430061 0.415642 0.283292 0.460700 0.364296 0.299393 0.220072 0.448101 0.345073 0.369434 0.383992 0.371543 0.420998 0.328278 0.410288 0.372781 0.524157 0.492774 0.362223 0.404472 0.331316 0.328570 0.435464 0.546139 0.502761 0.615500 0.558902 0.559757 0.671317 0.695462 0.582572 0.582968 0.626734 0.755263 0.788670 0.699649 0.727599 0.682558 0.528808 0.601031 0.700776 0.620537 0.510997 0.670931 0.616457 0.712301 0.710829 0.626917 0.665064 0.537535 0.430113 0.457484 0.571701 0.500548 0.577031 0.601483 0.449325 0.508140 0.681417 0.686072
0.350953 0.385107 0.361711 0.375530 0.294845 0.273298 0.394878 0.211583 0.303563 0.188629 0.307313 0.473563 0.309319 0.325171 0.481774 0.361146 0.378914 0.284203 0.295270 0.532741 0.486816 0.420433 0.379257 0.386102 0.365177 0.486447 0.568078 0.529538 0.551022 0.672906 0.641757 0.646970 0.651178 0.750253 0.561300 0.519391 0.677810 0.737574 0.786779 0.774946 0.616504 0.549276 0.530086 0.588332 0.588274 0.497870 0.548873 0.685025 0.656791 0.786258 0.794433 0.737845 0.589782 0.649802 0.489942 0.423158 0.577510 0.562838 0.492043 0.509353 0.600343 0.601467 0.684546
0.435524 0.318038 0.283496 0.337713 0.232394 0.188015 0.287371 0.160709 0.217648 0.171182 0.268549 0.404992 0.458034 0.484347 0.422266 0.406183 0.407348 0.454876 0.433210 0.589678 0.529229 0.528456 0.394751 0.352416 0.346290 0.538178 0.454887 0.469611 0.510645 0.509888 0.675195 0.735509 0.637616 0.633608 0.657951 0.505701 0.590639 0.766231 0.700122 0.716646 0.706613 0.725377 0.543607 0.596227 0.539806 0.542180 0.529325 0.629596 0.669949 0.797215 0.640504 0.675030 0.709620 0.566580 0.543956 0.444558 0.491114 0.543104 0.506598 0.393291 0.385363 0.582090 0.588871
0.445598 0.303772 0.330278 0.246921 0.266154 0.332098 0.296934 0.346683 0.287698 0.337834 0.389090 0.483392 0.555014 0.393939 0.322530 0.430909 0.336113 0.418744 0.633735 0.629379 0.662204 0.542635 0.390090 0.427571 0.475594 0.488823 0.556254 0.432440 0.552915 0.611457 0.775620 0.760041 0.693219 0.514370 0.476352 0.521321 0.653160 0.666518 0.557570 0.614645 0.577696 0.641463 0.543787 0.444442 0.592451 0.569303 0.697567 0.674017 0.795874 0.776515 0.640460 0.602003 0.657238 0.710112 0.534815 0.582356 0.580114 0.432101 0.367154 0.354999 0.384125 0.345841 0.494808
0.452762 0.334237 0.264214 0.349465 0.244377 0.359309 0.379044 0.431791 0.438517 0.266479 0.404233 0.365345 0.448783 0.331646 0.418268 0.534296 0.536340 0.429555 0.600573 0.527712 0.608942 0.607283 0.569679 0.602639 0.570760 0.644296 0.450369 0.514021 0.615730 0.588339 0.806242 0.770559 0.650050 0.595674 0.606179 0.718622 0.648905 0.728768 0.628488 0.679555 0.681067 0.614406 0.486138 0.406071 0.481136 0.610771 0.563043 0.595422 0.711964 0.772127 0.617671 0.645200 0.695072 0.514975 0.541469 0.428573 0.523233 0.469250 0.362936 0.346854 0.390674 0.465814 0.610931
0.392509 0.444675 0.280465 0.363543 0.299401 0.286794 0.350542 0.311187 0.419650 0.236587 0.285904 0.420913 0.279871 0.363933 0.487108 0.482537 0.569470 0.625224 0.692907 0.646215 0.655979 0.499839 0.597744 0.678237 0.635717 0.600017 0.657896 0.630797 0.595020 0.639115 0.742734 0.680714 0.762750 0.615236 0.556884 0.633639 0.617909 0.634895 0.559298 0.637821 0.738182 0.715940 0.592948 0.546623 0.555620 0.662142 0.563311 0.544851 0.561469 0.663713 0.690673 0.659261 0.564336 0.530818 0.407258 0.451989 0.641069 0.567547 0.530820 0.370794 0.342889 0.390138 0.548354
0.288827 0.289358 0.296516 0.400230 0.197448 0.279528 0.391617 0.231293 0.233604 0.235538 0.260599 0.280118 0.343517 0.302980 0.444383 0.468604 0.488000 0.649094 0.519586 0.600157 0.601558 0.573863 0.593547 0.519978 0.673467 0.717225 0.620155 0.710978 0.648989 0.717729 0.744590 0.677298 0.652054 0.689687 0.553196 0.649684 0.632888 0.569063 0.640679 0.736445 0.702133 0.570792 0.570469 0.528882 0.489563 0.551346 0.672408 0.554093 0.627051 0.751401 0.616354 0.670436 0.475954 0.504114 0.512562 0.465671 0.571172 0.598900 0.462805 0.473646 0.437150 0.427652 0.513459
0.366112 0.255122 0.294641 0.367400 0.360739 0.166572 0.423646 0.379608 0.309328 0.304847 0.399064 0.298557 0.263539 0.343173 0.427127 0.395263 0.584523 0.518975 0.428153 0.399303 0.389698 0.480846 0.557281 0.449975 0.635706 0.680953 0.598972 0.574317 0.708138 0.590521 0.663454 0.880558 0.859933 0.732265 0.657655 0.617349 0.509270 0.648559 0.552335 0.521166 0.666094 0.555088 0.496054 0.547346 0.620912 0.591491 0.582034 0.706178 0.759881 0.634617 0.522641 0.611835 0.521069 0.667955 0.501971 0.615567 0.650204 0.523990 0.551299 0.572302 0.554485 0.536631 0.483776
0.271187 0.201603 0.306391 0.274106 0.290088 0.174517 0.293487 0.395123 0.375581 0.370152 0.267803 0.341411 0.180962 0.339286 0.473322 0.509692 0.493534 0.474842 0.383913 0.306903 0.384500 0.394599 0.484604 0.466482 0.606110 0.583919 0.571334 0.587714 0.672062 0.745222 0.788080 0.861488 0.762061 0.725928 0.691981 0.499529 0.541241 0.635337 0.504173 0.647159 0.604403 0.600972 0.708467 0.560278 0.587083 0.640179 0.560232 0.623294 0.720305 0.638178 0.653177 0.515165 0.596932 0.710809 0.584912 0.568820 0.469062 0.527709 0.472072 0.451721 0.506165 0.465465 0.620092
0.420489 0.403040 0.326667 0.238648 0.257595 0.359728 0.297077 0.257578 0.184876 0.258201 0.266332 0.227488 0.150278 0.222757 0.326167 0.496600 0.406940 0.329218 0.485046 0.354551 0.469840 0.509528 0.471417 0.571889 0.487412 0.467305 0.581843 0.532892 0.578672 0.623621 0.645998 0.804710 0.731650 0.662562 0.660521 0.579391 0.649005 0.661788 0.599532 0.620529 0.561633 0.509950 0.515267 0.569114 0.562717 0.627079 0.629986 0.627462 0.714417 0.658185 0.545597 0.527381 0.547902 0.643568 0.490501 0.559922 0.490718 0.486779 0.529893 0.430964 0.384001 0.462331 0.513853
0.273667 0.274628 0.322879 0.301279 0.275304 0.217012 0.338129 0.359231 0.167262 0.163538 0.326909 0.288538 0.286631 0.204708 0.305766 0.486107 0.385760 0.387005 0.417518 0.490013 0.532337 0.548941 0.516109 0.590271 0.581141 0.626621 0.471086 0.593764 0.570113 0.536581 0.684030 0.570748 0.606382 0.550600 0.724691 0.609902 0.630306 0.585347 0.616702 0.625782 0.695498 0.658775 0.573762 0.540304 0.562225 0.576882 0.641890 0.739345 0.771174 0.733355 0.637242 0.653570 0.483071 0.523420 0.517326 0.366500 0.409203 0.422155 0.440669 0.513430 0.441727 0.432651 0.472934
0.383328 0.358968 0.417753 0.466579 0.394797 0.237369 0.302917 0.319464 0.306474 0.293484 0.428786 0.366202 0.210139 0.330675 0.440920 0.381379 0.385855 0.489513 0.437440 0.292720 0.359258 0.408580 0.474338 0.452332 0.452866 0.519807 0.473402 0.595705 0.658465 0.689227 0.754498 0.654772 0.554349 0.593762 0.571476 0.672336 0.595355 0.691631 0.508244 0.512667 0.658969 0.684352 0.636343 0.603959 0.480303 0.570601 0.499036 0.700153 0.745149 0.768691 0.684257 0.706277 0.531568 0.458355 0.368123 0.374570 0.458111 0.450560 0.378190 0.455957 0.377227 0.549648 0.414557
0.459998 0.522545 0.474250 0.511252 0.487920 0.279735 0.263100 0.181165 0.160553 0.289128 0.282093 0.293812 0.278819 0.223949 0.331492 0.305615 0.382191 0.536493 0.374739 0.432610 0.419373 0.510238 0.498153 0.531056 0.518887 0.468489 0.392854 0.561843 0.601200 0.583242 0.661176 0.691978 0.697798 0.779391 0.719203 0.656822 0.677920 0.557370 0.528427 0.671729 0.600450 0.675490 0.668012 0.553578 0.557513 0.630597 0.512159 0.489982 0.660216 0.667953 0.693455 0.682490 0.505007 0.421254 0.317821 0.354101 0.362854 0.384643 0.542442 0.560766 0.412044 0.558283 0.527882
