examples/example.asc
ncols         200
nrows         200
xllcorner     0.0
yllcorner     0.0
cellsize      1.0
NODATA_value  -9999
[rows 56 to 83 of 200, columns 126 to 188 of 200]
0.464825 0.522689 0.710661 0.612685 0.645752 0.544145 0.633148 0.706661 0.555638 0.630954 0.605824 0.615028 0.624373 0.640846 0.665811 0.508652 0.509342 0.718912 0.532812 0.455335 0.457935 0.482145 0.411593 0.360618 0.524326 0.433807 0.380681 0.397018 0.434526 0.543362 0.489504 0.406655 0.511486 0.515373 0.507408 0.603230 0.675270 0.751979 0.743547 0.597956 0.535701 0.663789 0.655886 0.687760 0.687087 0.612012 0.655133 0.710663 0.600654 0.666805 0.788756 0.701710 0.668602 0.653674 0.796252 0.833961 0.704580 0.764036 0.770234 0.670527 0.708121 0.690099 0.618271
0.675918 0.587716 0.604376 0.643149 0.588918 0.593583 0.560302 0.577444 0.624663 0.542550 0.487536 0.527096 0.661152 0.526676 0.558653 0.640406 0.637312 0.664348 0.650612 0.492304 0.444571 0.447846 0.332259 0.446896 0.509933 0.345356 0.388845 0.452635 0.575002 0.620491 0.646135 0.449933 0.527619 0.510209 0.478370 0.675057 0.733667 0.740632 0.668445 0.689303 0.690346 0.582219 0.753622 0.706606 0.702281 0.611005 0.652968 0.670309 0.539959 0.664093 0.618561 0.746151 0.655390 0.707478 0.789244 0.664773 0.760471 0.650623 0.770890 0.798262 0.677488 0.759022 0.767055
0.638168 0.667567 0.715358 0.547121 0.632965 0.551434 0.670215 0.530681 0.560566 0.525055 0.548777 0.573332 0.541205 0.594742 0.582785 0.753819 0.699306 0.574664 0.566071 0.473454 0.457753 0.319905 0.448102 0.531236 0.364945 0.269091 0.411895 0.354472 0.447010 0.593815 0.735654 0.633865 0.457419 0.520109 0.526862 0.507315 0.682558 0.651765 0.733793 0.725903 0.594798 0.516040 0.707023 0.754211 0.838980 0.665108 0.670500 0.627922 0.685332 0.697563 0.624337 0.572465 0.609568 0.666330 0.605079 0.711651 0.716357 0.771222 0.685356 0.799792 0.887750 0.952885 0.841254
0.573227 0.723487 0.621099 0.560385 0.623862 0.551861 0.607174 0.533061 0.516540 0.538576 0.587668 0.589296 0.611509 0.567906 0.645616 0.654592 0.531138 0.580857 0.550955 0.547605 0.489048 0.393240 0.330720 0.398182 0.323997 0.345965 0.374315 0.406338 0.468007 0.630135 0.731638 0.639839 0.488046 0.556473 0.532112 0.583490 0.657094 0.630378 0.737928 0.642106 0.614047 0.534517 0.550904 0.678908 0.662339 0.782981 0.680173 0.837121 0.724563 0.655781 0.627332 0.611973 0.616848 0.541825 0.516737 0.711426 0.633570 0.783950 0.716753 0.742203 0.863610 0.881765 0.854602
0.691496 0.665235 0.707147 0.601556 0.634449 0.643178 0.561426 0.596868 0.487837 0.580003 0.612331 0.478955 0.588538 0.571957 0.516130 0.552341 0.483200 0.447686 0.617631 0.704459 0.704858 0.618177 0.370808 0.320450 0.353070 0.353809 0.380785 0.499396 0.473547 0.560054 0.710292 0.770826 0.680946 0.497192 0.589660 0.690296 0.649812 0.538137 0.661914 0.688546 0.558458 0.561321 0.621126 0.641504 0.653576 0.630782 0.697416 0.786376 0.633497 0.640492 0.696754 0.518807 0.495707 0.498692 0.472678 0.568298 0.609422 0.626044 0.789923 0.763595 0.783706 0.930620 0.878972
0.665620 0.620570 0.674929 0.593173 0.535720 0.463333 0.628365 0.550466 0.425204 0.638959 0.576333 0.540986 0.447922 0.507618 0.478145 0.483558 0.352129 0.438483 0.538187 0.613708 0.591017 0.613960 0.559253 0.397949 0.402095 0.269914 0.427457 0.459475 0.453149 0.644678 0.618605 0.595226 0.661155 0.473862 0.494725 0.602316 0.647228 0.643868 0.640099 0.581013 0.422564 0.478873 0.532643 0.701925 0.650668 0.658141 0.726592 0.748292 0.684192 0.574163 0.665150 0.554451 0.668530 0.545585 0.455377 0.548317 0.504020 0.565113 0.795990 0.733918 0.709162 0.909650 0.749606
0.728502 0.659005 0.718773 0.653388 0.649823 0.458566 0.559036 0.638412 0.470052 0.606805 0.658078 0.639120 0.526705 0.570124 0.388334 0.333483 0.426197 0.494423 0.516339 0.538983 0.539056 0.603677 0.419311 0.465717 0.318485 0.306509 0.218753 0.480528 0.392347 0.610460 0.600924 0.469686 0.569923 0.622193 0.558731 0.528752 0.611563 0.624124 0.692503 0.601588 0.511579 0.608806 0.619493 0.607272 0.724674 0.775454 0.600301 0.745372 0.710470 0.631075 0.718768 0.680115 0.626229 0.595149 0.472761 0.556712 0.682599 0.734530 0.680472 0.670652 0.730634 0.785697 0.822743
0.738408 0.752320 0.669076 0.559043 0.682946 0.522688 0.418205 0.548705 0.689276 0.654610 0.643877 0.533456 0.445003 0.536264 0.439844 0.468659 0.527733 0.534242 0.554699 0.535845 0.458260 0.546909 0.421097 0.335467 0.385339 0.330636 0.344943 0.405058 0.480037 0.453487 0.486346 0.505627 0.520760 0.631695 0.552922 0.533145 0.640783 0.658866 0.682395 0.710869 0.555984 0.544124 0.596792 0.610842 0.735210 0.669477 0.658203 0.628900 0.738811 0.840420 0.751627 0.522806 0.613227 0.491735 0.642381 0.704575 0.632752 0.630192 0.783049 0.857072 0.856679 0.756184 0.756507
0.701329 0.551266 0.564587 0.538211 0.571810 0.556536 0.417675 0.520338 0.641501 0.698747 0.735123 0.576793 0.461416 0.581034 0.435977 0.586865 0.579719 0.632732 0.537799 0.510706 0.529054 0.568615 0.550788 0.483751 0.371415 0.417596 0.494474 0.537178 0.398532 0.326288 0.390812 0.447913 0.492234 0.540029 0.569674 0.559345 0.490404 0.497992 0.669254 0.731094 0.669051 0.748997 0.718719 0.778276 0.652222 0.703520 0.720278 0.539178 0.569165 0.682102 0.660301 0.582033 0.745764 0.559124 0.633628 0.590561 0.571957 0.577632 0.623134 0.783299 0.780464 0.812171 0.732733
0.710667 0.497484 0.540100 0.590477 0.605897 0.517264 0.547348 0.454525 0.592152 0.671360 0.665145 0.554888 0.572563 0.422078 0.436853 0.575889 0.528818 0.454158 0.485590 0.488182 0.424954 0.446634 0.526345 0.456997 0.388845 0.471806 0.365378 0.395499 0.498230 0.378742 0.315421 0.530494 0.593474 0.533863 0.426624 0.504106 0.558634 0.625765 0.557592 0.583819 0.676975 0.599298 0.500079 0.676114 0.690913 0.822900 0.717888 0.679281 0.593529 0.687679 0.697065 0.689079 0.831983 0.750804 0.750505 0.633708 0.736541 0.576949 0.603815 0.784891 0.830112 0.801250 0.818456
0.564373 0.545986 0.485720 0.589146 0.684013 0.698101 0.607647 0.631222 0.605340 0.718960 0.599218 0.643789 0.595871 0.454092 0.593248 0.558293 0.680315 0.449007 0.379532 0.557771 0.583933 0.567472 0.515257 0.487413 0.429706 0.598191 0.469765 0.338561 0.388160 0.287275 0.287366 0.539529 0.537321 0.463843 0.406815 0.561914 0.485265 0.427649 0.502418 0.521153 0.603288 0.607935 0.426778 0.480203 0.698820 0.703275 0.688225 0.661976 0.545043 0.538105 0.694151 0.697563 0.802144 0.719001 0.631833 0.591798 0.731035 0.650109 0.567745 0.753038 0.747011 0.720694 0.728633
0.500515 0.492075 0.557095 0.586816 0.625582 0.686144 0.752164 0.681068 0.602633 0.607699 0.628913 0.603082 0.496987 0.526464 0.509215 0.613904 0.556410 0.517047 0.378178 0.439368 0.506534 0.568143 0.467393 0.474445 0.567619 0.555006 0.611478 0.524723 0.454829 0.330038 0.338543 0.449976 0.398255 0.437724 0.412953 0.448356 0.352175 0.477899 0.589908 0.581290 0.576823 0.484150 0.549631 0.520774 0.606098 0.726712 0.669722 0.574525 0.629496 0.524599 0.575941 0.607804 0.789197 0.763539 0.683216 0.670279 0.678773 0.677409 0.728644 0.658760 0.652686 0.788679 0.698453
0.553953 0.663302 0.681711 0.505178 0.591218 0.694938 0.650750 0.536226 0.530349 0.490369 0.489022 0.491708 0.380043 0.388483 0.523305 0.437220 0.413567 0.497779 0.528625 0.388090 0.455062 0.614798 0.562993 0.598408 0.575537 0.469727 0.594088 0.420204 0.516217 0.309374 0.358119 0.312614 0.445435 0.534699 0.449995 0.446852 0.395032 0.498029 0.477515 0.436607 0.403711 0.419228 0.452105 0.576178 0.520783 0.615569 0.658596 0.500569 0.593324 0.551635 0.481169 0.514623 0.666321 0.777206 0.672181 0.578009 0.639783 0.599016 0.699698 0.605635 0.777638 0.787349 0.818522
0.655494 0.645466 0.755553 0.628623 0.648776 0.724619 0.651429 0.644788 0.619006 0.586465 0.537696 0.456689 0.424600 0.363906 0.375810 0.487330 0.534944 0.386459 0.363722 0.470903 0.501307 0.483924 0.493143 0.488262 0.437045 0.558863 0.501523 0.425529 0.432497 0.413321 0.358416 0.462023 0.359514 0.524376 0.559324 0.475078 0.452662 0.546170 0.530645 0.423152 0.330653 0.410968 0.429067 0.594304 0.644189 0.537665 0.630639 0.600960 0.642802 0.489921 0.585956 0.657889 0.704063 0.565407 0.669112 0.599162 0.722752 0.737489 0.673850 0.725028 0.737671 0.829085 0.636607
0.577323 0.645018 0.666890 0.724915 0.715051 0.827813 0.764263 0.671672 0.642663 0.622923 0.576480 0.492229 0.451347 0.500879 0.368926 0.337664 0.525578 0.417554 0.335698 0.535428 0.586147 0.530326 0.458235 0.527774 0.390149 0.529324 0.408693 0.525513 0.525165 0.429560 0.398923 0.451650 0.309483 0.474168 0.480197 0.520233 0.564683 0.459053 0.454533 0.335652 0.343175 0.371824 0.314167 0.381528 0.505128 0.407855 0.495949 0.417152 0.443596 0.495828 0.585504 0.604579 0.645387 0.553446 0.691987 0.708018 0.676534 0.573575 0.580389 0.594808 0.749315 0.811801 0.759609
0.762184 0.590464 0.571076 0.549006 0.619555 0.755877 0.728476 0.558685 0.676313 0.680346 0.568555 0.469394 0.542575 0.394282 0.351308 0.417212 0.412680 0.382125 0.415816 0.351700 0.438627 0.592104 0.464871 0.418222 0.464541 0.384819 0.535939 0.473992 0.519844 0.541295 0.571020 0.313690 0.340773 0.360053 0.524174 0.373227 0.498258 0.551527 0.571170 0.435205 0.325690 0.299603 0.296273 0.508419 0.479610 0.480129 0.537180 0.503829 0.570145 0.565876 0.592126 0.538419 0.639650 0.747528 0.849150 0.682752 0.781372 0.590410 0.610770 0.618465 0.771301 0.792037 0.738911
0.763910 0.767285 0.659765 0.557748 0.730707 0.687907 0.734231 0.656617 0.531828 0.565552 0.546829 0.527925 0.562417 0.391959 0.443015 0.487691 0.474458 0.363299 0.542483 0.351262 0.478413 0.449388 0.473472 0.562700 0.547922 0.414805 0.488128 0.483590 0.569338 0.600425 0.593122 0.521087 0.360727 0.363097 0.450301 0.329669 0.463915 0.554297 0.433775 0.530243 0.529514 0.532934 0.397414 0.504205 0.410300 0.449091 0.587352 0.658094 0.547254 0.668291 0.585625 0.564589 0.765920 0.874840 0.824609 0.693009 0.743879 0.794905 0.760221 0.776967 0.693796 0.615984 0.779573
0.590623 0.676517 0.712272 0.688139 0.711055 0.718239 0.683365 0.630234 0.635167 0.693163 0.733762 0.601593 0.422933 0.390523 0.466145 0.449490 0.517748 0.474594 0.491151 0.484054 0.403368 0.496325 0.405461 0.517855 0.509309 0.383160 0.431489 0.478545 0.463272 0.531692 0.595397 0.357939 0.336199 0.454945 0.584493 0.457489 0.483056 0.538329 0.486839 0.404068 0.543075 0.515170 0.364773 0.452414 0.396300 0.434282 0.596938 0.629981 0.678340 0.571716 0.636220 0.704379 0.635739 0.714126 0.632021 0.697686 0.670790 0.752554 0.704332 0.735005 0.591747 0.601647 0.632412
0.574053 0.691808 0.632204 0.663355 0.643815 0.726870 0.666998 0.573497 0.599510 0.674837 0.716650 0.701041 0.537191 0.365309 0.295039 0.400983 0.435828 0.355508 0.405048 0.576349 0.534534 0.584664 0.511645 0.498939 0.430908 0.379037 0.610945 0.719071 0.711428 0.581732 0.523405 0.533737 0.403252 0.599907 0.570660 0.422410 0.458286 0.574089 0.495483 0.333197 0.344073 0.489870 0.366268 0.408156 0.534630 0.564267 0.449339 0.601032 0.564262 0.576864 0.519450 0.521846 0.563402 0.685046 0.637838 0.521894 0.564614 0.594260 0.732516 0.700239 0.747474 0.529131 0.469406
0.698509 0.570049 0.543300 0.681187 0.549708 0.597113 0.635767 0.584900 0.515843 0.669692 0.584767 0.504455 0.439165 0.441419 0.334124 0.352780 0.403045 0.501512 0.350317 0.485148 0.372354 0.387113 0.501418 0.442617 0.513228 0.452295 0.603507 0.673823 0.596574 0.646325 0.480483 0.384163 0.370503 0.502888 0.482897 0.534522 0.537324 0.503866 0.397143 0.491101 0.376568 0.479493 0.384087 0.386008 0.414843 0.415463 0.510926 0.640092 0.563916 0.450512 0.432326 0.487529 0.606795 0.559107 0.546325 0.498588 0.605708 0.661578 0.579359 0.565574 0.737480 0.648402 0.660193
0.582824 0.640518 0.575568 0.569163 0.580634 0.626890 0.540133 0.573226 0.549560 0.559134 0.682655 0.508916 0.373591 0.315941 0.348996 0.420561 0.356964 0.531525 0.459187 0.437069 0.527374 0.481397 0.429237 0.421822 0.474520 0.468415 0.535595 0.722020 0.716187 0.627371 0.595493 0.564244 0.383769 0.409338 0.589748 0.562820 0.620646 0.661251 0.538080 0.528607 0.555261 0.555760 0.536672 0.437325 0.518037 0.567249 0.504526 0.516567 0.433827 0.436761 0.570323 0.476796 0.577623 0.650297 0.659362 0.592342 0.526291 0.501744 0.451045 0.637152 0.687999 0.758855 0.698622
0.624679 0.456640 0.506255 0.611097 0.579863 0.580318 0.557903 0.592877 0.516338 0.662249 0.540386 0.496470 0.446166 0.426028 0.339909 0.443839 0.459418 0.433930 0.518181 0.391728 0.545672 0.522429 0.553870 0.465039 0.564118 0.608286 0.513836 0.587932 0.623424 0.650922 0.562294 0.556139 0.378230 0.427347 0.465113 0.536097 0.632914 0.601875 0.506923 0.419313 0.380356 0.451049 0.413007 0.533771 0.609184 0.405799 0.511207 0.534978 0.505935 0.375455 0.459749 0.573553 0.480021 0.692076 0.603685 0.518844 0.436119 0.471982 0.442676 0.527511 0.625220 0.627048 0.560449
0.573816 0.574126 0.426877 0.437489 0.467052 0.551093 0.548648 0.596683 0.453100 0.471003 0.591260 0.585536 0.590701 0.386696 0.366116 0.321847 0.481214 0.471202 0.472668 0.329838 0.468865 0.416186 0.508464 0.531066 0.492265 0.478099 0.640118 0.564040 0.464965 0.440300 0.454345 0.437951 0.429694 0.388484 0.543637 0.683591 0.657365 0.722538 0.617454 0.585656 0.507014 0.495535 0.412661 0.605668 0.586735 0.443046 0.347552 0.431254 0.527041 0.463664 0.393675 0.548917 0.535434 0.579228 0.641640 0.694971 0.532959 0.621550 0.579165 0.448072 0.506273 0.617605 0.651059
0.553868 0.586358 0.429641 0.475042 0.390445 0.405442 0.555887 0.510815 0.555540 0.542080 0.590608 0.533499 0.518237 0.542622 0.440859 0.390364 0.470973 0.477105 0.572716 0.449017 0.319124 0.362382 0.381104 0.445513 0.537393 0.586685 0.583878 0.551233 0.484595 0.552279 0.432204 0.476339 0.620214 0.583619 0.525783 0.563163 0.507470 0.597564 0.645327 0.613088 0.397525 0.480790 0.520500 0.485869 0.401238 0.393422 0.424935 0.461017 0.556234 0.425407 0.544712 0.681544 0.645792 0.648151 0.691399 0.681286 0.585717 0.585919 0.598027 0.463859 0.530720 0.585326 0.546992
0.467722 0.449762 0.562288 0.581925 0.429908 0.539345 0.532018 0.579168 0.585226 0.520068 0.619746 0.559615 0.521609 0.426140 0.595301 0.608142 0.487892 0.521845 0.603820 0.549685 0.448400 0.465194 0.339426 0.443640 0.555566 0.488145 0.520136 0.537074 0.611964 0.598173 0.534274 0.423595 0.528682 0.600033 0.695407 0.688392 0.522343 0.438388 0.600435 0.484152 0.423269 0.604270 0.573215 0.585469 0.564533 0.407484 0.476113 0.556695 0.420308 0.540788 0.423403 0.472991 0.597929 0.546357 0.483092 0.648280 0.545062 0.606579 0.459738 0.446356 0.493970 0.584828 0.671056
0.406966 0.377541 0.335343 0.441319 0.562183 0.413480 0.424155 0.468295 0.403898 0.527549 0.503215 0.587215 0.567231 0.436307 0.454065 0.498823 0.435520 0.455386 0.590952 0.567340 0.493477 0.433835 0.461440 0.462832 0.513371 0.494598 0.422023 0.620678 0.538445 0.516822 0.566616 0.598973 0.488984 0.694097 0.610734 0.539740 0.613359 0.460896 0.588212 0.468333 0.411792 0.495444 0.580792 0.484385 0.563417 0.430826 0.453744 0.428583 0.512175 0.570172 0.521760 0.543086 0.683280 0.635870 0.577987 0.481304 0.503701 0.402770 0.422901 0.464368 0.551667 0.545744 0.482169
0.355581 0.372128 0.403721 0.403335 0.521243 0.502074 0.431519 0.437657 0.498143 0.548000 0.557903 0.621897 0.585557 0.465555 0.606804 0.442352 0.511403 0.382251 0.416799 0.621852 0.533231 0.612744 0.455275 0.438469 0.623086 0.483393 0.484524 0.586794 0.473550 0.509938 0.558893 0.656227 0.517688 0.554223 0.580594 0.524348 0.508875 0.457109 0.383720 0.543321 0.505683 0.552612 0.474829 0.499990 0.450963 0.347010 0.440932 0.420837 0.417827 0.481119 0.505492 0.501690 0.622092 0.678532 0.584970 0.567275 0.655715 0.596338 0.529998 0.471335 0.446164 0.490767 0.524098
0.468821 0.340015 0.366255 0.375522 0.546024 0.546645 0.417531 0.372122 0.325676 0.387904 0.557850 0.585285 0.557549 0.642705 0.450941 0.422145 0.358587 0.447320 0.589148 0.581977 0.602466 0.639810 0.516102 0.542483 0.460539 0.599890 0.586223 0.632478 0.627791 0.438356 0.460660 0.628120 0.498164 0.582198 0.565909 0.419838 0.522641 0.542895 0.529547 0.418363 0.567222 0.609880 0.449035 0.404814 0.345024 0.387795 0.406266 0.576897 0.593860 0.537480 0.451205 0.407168 0.460895 0.602837 0.615492 0.666568 0.664755 0.472069 0.449536 0.563725 0.542179 0.389739 0.440128
