examples/example.asc
ncols         200
nrows         200
xllcorner     0.0
yllcorner     0.0
cellsize      1.0
NODATA_value  -9999
[rows 168 to 195 of 200, columns 126 to 188 of 200]
0.438623 0.292388 0.319032 0.278454 0.420251 0.488983 0.384425 0.433434 0.446165 0.448359 0.437282 0.464799 0.355731 0.401926 0.326822 0.250202 0.361479 0.308721 0.234257 0.142666 0.082241 0.257896 0.151026 0.193692 0.352073 0.460730 0.274403 0.332142 0.407463 0.423064 0.334232 0.473690 0.453874 0.332563 0.417865 0.360653 0.335980 0.245947 0.324259 0.386118 0.377008 0.370229 0.383034 0.227269 0.257805 0.251223 0.325323 0.365914 0.408063 0.401522 0.529555 0.593716 0.559868 0.479332 0.496461 0.542155 0.425295 0.584546 0.572187 0.642581 0.476478 0.594181 0.683869
0.283316 0.353786 0.329836 0.410093 0.512658 0.399548 0.379224 0.411141 0.409431 0.435711 0.263447 0.368495 0.246732 0.424552 0.456952 0.363259 0.365724 0.272878 0.197799 0.233381 0.148348 0.147178 0.309029 0.359684 0.436522 0.410242 0.319931 0.324262 0.451362 0.284382 0.246781 0.469477 0.546923 0.454875 0.353784 0.347042 0.327069 0.283858 0.356414 0.280628 0.357717 0.472691 0.366439 0.387270 0.437740 0.409400 0.305141 0.423190 0.376012 0.518317 0.530628 0.476973 0.474351 0.494019 0.514096 0.554309 0.460985 0.437202 0.553970 0.630104 0.546102 0.639839 0.665741
0.320053 0.419020 0.382046 0.431254 0.497228 0.382290 0.401886 0.382094 0.326476 0.242470 0.263257 0.216059 0.284917 0.412158 0.395716 0.389019 0.231668 0.381843 0.316212 0.252450 0.379895 0.135283 0.188138 0.283908 0.352997 0.264029 0.316330 0.355497 0.340587 0.354436 0.316090 0.404952 0.452175 0.488332 0.344671 0.417514 0.568963 0.410652 0.416048 0.430315 0.327509 0.525245 0.448398 0.399740 0.505061 0.449411 0.474724 0.543368 0.449690 0.466382 0.387793 0.329699 0.433682 0.513163 0.571275 0.457170 0.527853 0.455010 0.416607 0.466696 0.540172 0.651898 0.588457
0.485021 0.393885 0.456843 0.543078 0.385231 0.527405 0.368934 0.478041 0.376023 0.410912 0.344937 0.262106 0.417137 0.369556 0.347017 0.290053 0.320439 0.314181 0.341935 0.366194 0.361467 0.254178 0.179590 0.315946 0.217076 0.252593 0.316842 0.398491 0.348382 0.432174 0.494572 0.454729 0.394964 0.360553 0.299318 0.520475 0.440531 0.512881 0.400911 0.512571 0.490853 0.481512 0.375168 0.387406 0.439079 0.554523 0.520036 0.503735 0.537798 0.435516 0.414004 0.323761 0.317968 0.398249 0.463557 0.569645 0.426827 0.529477 0.516295 0.601739 0.535128 0.513324 0.497337
0.591515 0.469227 0.341279 0.383617 0.415204 0.569417 0.489102 0.495805 0.430935 0.456123 0.431832 0.257096 0.373563 0.389854 0.504815 0.370457 0.487624 0.407887 0.236057 0.345119 0.325782 0.408267 0.251750 0.291074 0.278933 0.352917 0.284995 0.242679 0.425732 0.489854 0.493150 0.367948 0.397147 0.413391 0.391324 0.334886 0.431066 0.535862 0.539898 0.550610 0.532270 0.496730 0.354613 0.339839 0.380655 0.464829 0.358570 0.487010 0.402236 0.440436 0.499208 0.310298 0.272049 0.213969 0.283613 0.389844 0.412729 0.488836 0.421248 0.532097 0.620971 0.432435 0.444089
0.548063 0.539058 0.363053 0.388733 0.373093 0.528038 0.560008 0.436821 0.390099 0.460472 0.433064 0.420160 0.347690 0.451820 0.432528 0.431043 0.514892 0.424245 0.315043 0.319926 0.301059 0.342452 0.253061 0.438242 0.314009 0.411211 0.288347 0.282341 0.410285 0.473060 0.355946 0.323861 0.299034 0.382114 0.279717 0.460472 0.493897 0.503889 0.549395 0.484879 0.535873 0.420275 0.347283 0.404695 0.258981 0.359427 0.403111 0.495853 0.363299 0.392407 0.555086 0.460947 0.413722 0.309462 0.361095 0.423541 0.405562 0.583144 0.393588 0.471554 0.481693 0.460411 0.561986
0.562743 0.657136 0.506348 0.486806 0.549383 0.624397 0.542773 0.489114 0.421888 0.396086 0.242901 0.361345 0.283715 0.435686 0.322170 0.425677 0.363547 0.344542 0.315439 0.261112 0.275779 0.249044 0.337057 0.361638 0.388541 0.283749 0.321364 0.274132 0.322452 0.321705 0.386479 0.371324 0.374521 0.344418 0.343048 0.313129 0.513833 0.512150 0.486961 0.408840 0.497605 0.406042 0.318963 0.399789 0.355773 0.410445 0.354814 0.463310 0.421247 0.422674 0.408126 0.375640 0.352955 0.407603 0.512557 0.402016 0.556409 0.386723 0.424716 0.408989 0.486438 0.468172 0.586306
0.618145 0.633244 0.629696 0.620296 0.491007 0.561684 0.585968 0.549109 0.548211 0.300374 0.198399 0.253923 0.264250 0.451270 0.361692 0.333852 0.205723 0.289207 0.198976 0.425592 0.332513 0.405920 0.211752 0.245837 0.308416 0.311693 0.345221 0.364885 0.348205 0.357101 0.450525 0.325507 0.428464 0.403946 0.481688 0.380179 0.532715 0.583515 0.477651 0.519401 0.364600 0.394359 0.397773 0.225383 0.235115 0.306417 0.340546 0.307401 0.415349 0.450370 0.480350 0.471601 0.302693 0.397608 0.377778 0.538804 0.418590 0.445843 0.406345 0.572516 0.580656 0.556460 0.551140
0.565818 0.667626 0.629920 0.555373 0.507189 0.622466 0.649665 0.485817 0.460604 0.338305 0.314256 0.225023 0.275829 0.337822 0.273164 0.366625 0.256302 0.298179 0.198656 0.344314 0.245505 0.259197 0.285718 0.289004 0.221919 0.258106 0.245122 0.364862 0.201504 0.294521 0.360738 0.266691 0.349159 0.413772 0.341782 0.300146 0.443017 0.432213 0.433814 0.553109 0.428130 0.447089 0.413296 0.278093 0.354288 0.348499 0.189435 0.163928 0.288485 0.446406 0.354150 0.393476 0.434525 0.412901 0.304254 0.371892 0.549312 0.561614 0.600906 0.471702 0.603244 0.415247 0.472567
0.610094 0.521487 0.677449 0.519459 0.637331 0.601654 0.611362 0.479763 0.514023 0.473849 0.290437 0.326024 0.344286 0.290153 0.340272 0.298771 0.367566 0.298818 0.335868 0.231427 0.244412 0.266128 0.220386 0.351746 0.438784 0.398846 0.266918 0.201007 0.237502 0.286179 0.358518 0.311253 0.230440 0.435159 0.433974 0.483609 0.443434 0.529594 0.396970 0.411161 0.348971 0.486214 0.336121 0.295308 0.221748 0.244038 0.247014 0.260520 0.346352 0.272778 0.249751 0.262588 0.257406 0.280103 0.447661 0.396001 0.575791 0.497512 0.480588 0.547648 0.427238 0.400284 0.427131
0.513284 0.633536 0.628517 0.574898 0.568320 0.518759 0.408377 0.411796 0.402602 0.436713 0.389733 0.421349 0.294990 0.403259 0.221784 0.318600 0.374210 0.211541 0.357491 0.217457 0.283207 0.356949 0.316228 0.332953 0.412228 0.391518 0.361187 0.324474 0.138716 0.175149 0.138120 0.334231 0.262654 0.443569 0.498891 0.493218 0.426670 0.601209 0.552131 0.349491 0.453923 0.549956 0.566475 0.373967 0.411244 0.436089 0.416698 0.416163 0.241776 0.271027 0.303650 0.299778 0.302796 0.356194 0.418602 0.458400 0.550107 0.485464 0.438069 0.504793 0.344213 0.336221 0.287188
0.505247 0.608076 0.549242 0.484349 0.588831 0.479405 0.423676 0.449804 0.383013 0.432575 0.508036 0.314747 0.235797 0.375980 0.431509 0.254934 0.239168 0.261696 0.235256 0.170748 0.313018 0.394720 0.322095 0.436166 0.340524 0.279272 0.220888 0.195893 0.238353 0.192836 0.274062 0.177088 0.286479 0.379512 0.395443 0.537916 0.582408 0.451815 0.414675 0.393759 0.334878 0.499345 0.574799 0.462898 0.315788 0.311007 0.443132 0.383871 0.281704 0.189482 0.383279 0.286575 0.412346 0.422409 0.525479 0.497514 0.422781 0.437882 0.365193 0.502927 0.405154 0.321280 0.388495
0.382394 0.550782 0.386000 0.425069 0.362198 0.389151 0.466417 0.368303 0.374284 0.493467 0.502840 0.296733 0.232765 0.212626 0.414059 0.405458 0.174552 0.149401 0.293257 0.379432 0.348016 0.412229 0.390873 0.421992 0.397906 0.300649 0.357793 0.169382 0.296469 0.435350 0.416374 0.346623 0.165374 0.283858 0.342206 0.435311 0.472095 0.491026 0.555486 0.437106 0.367971 0.479091 0.544666 0.405378 0.530903 0.540599 0.395945 0.478874 0.324613 0.367550 0.317653 0.371981 0.312747 0.406152 0.427519 0.401067 0.457613 0.475005 0.502290 0.516191 0.440280 0.385268 0.275872
0.319421 0.377226 0.327862 0.472103 0.382337 0.409842 0.385784 0.323929 0.320122 0.462090 0.572681 0.415939 0.454024 0.265092 0.428663 0.310822 0.157568 0.143525 0.238988 0.261359 0.313977 0.435762 0.310104 0.409819 0.234689 0.355576 0.391828 0.267298 0.276271 0.410733 0.479634 0.334856 0.225352 0.318423 0.445019 0.302827 0.374076 0.443415 0.583270 0.504638 0.538795 0.363804 0.415698 0.419703 0.395138 0.481944 0.399730 0.375907 0.257811 0.276600 0.352751 0.240197 0.348648 0.439349 0.327737 0.361199 0.367399 0.395042 0.436093 0.376802 0.362165 0.376317 0.381029
0.409420 0.526707 0.459902 0.406103 0.350361 0.442957 0.451068 0.248754 0.215903 0.389207 0.447347 0.478658 0.438139 0.312926 0.444979 0.467840 0.296785 0.115942 0.233253 0.258887 0.154956 0.322143 0.200197 0.256264 0.236192 0.375457 0.224555 0.119022 0.206983 0.420856 0.454132 0.334986 0.279417 0.330429 0.380704 0.338894 0.321168 0.429596 0.434244 0.556393 0.466287 0.499668 0.411420 0.434011 0.343826 0.377883 0.441553 0.395712 0.419971 0.408146 0.387858 0.343303 0.290810 0.224376 0.367728 0.336635 0.241443 0.295202 0.262510 0.220942 0.209999 0.154965 0.240460
0.466376 0.443960 0.333576 0.471467 0.472664 0.327932 0.241455 0.268461 0.329890 0.283860 0.416567 0.424019 0.480137 0.332503 0.450961 0.441629 0.226504 0.255061 0.253565 0.279244 0.144984 0.245241 0.240569 0.251557 0.251956 0.298951 0.295773 0.214691 0.217233 0.325993 0.279214 0.367670 0.289377 0.284216 0.309791 0.331951 0.366360 0.281666 0.444743 0.360528 0.441159 0.548992 0.440216 0.379621 0.466143 0.415654 0.344840 0.485422 0.306820 0.360530 0.224328 0.339983 0.290033 0.195662 0.260876 0.182960 0.157958 0.142512 0.115195 0.245510 0.207682 0.193507 0.278484
0.542357 0.412646 0.275643 0.453262 0.364772 0.302082 0.325026 0.233315 0.293997 0.225858 0.317787 0.404469 0.428852 0.368654 0.442889 0.315631 0.380521 0.271533 0.392227 0.415385 0.317526 0.310507 0.298769 0.438054 0.407523 0.453870 0.343690 0.243136 0.286219 0.295249 0.324887 0.240814 0.317563 0.469760 0.429540 0.310179 0.200953 0.275964 0.289401 0.318549 0.530692 0.476377 0.496618 0.419832 0.267304 0.404511 0.434807 0.489947 0.325625 0.257800 0.265812 0.313649 0.169656 0.185867 0.172208 0.312055 0.280544 0.180736 0.268044 0.253848 0.257573 0.320822 0.262612
0.438657 0.367464 0.302661 0.326047 0.269783 0.204424 0.361112 0.297254 0.415575 0.338931 0.256349 0.378536 0.390978 0.450962 0.279615 0.340165 0.371640 0.246604 0.299894 0.355434 0.407303 0.374995 0.367371 0.460186 0.487925 0.305946 0.279999 0.408057 0.473814 0.380872 0.356565 0.290079 0.304734 0.388699 0.295899 0.286003 0.268756 0.327691 0.389104 0.444877 0.460311 0.493175 0.360411 0.335162 0.199776 0.378814 0.320310 0.268069 0.402957 0.250761 0.150782 0.176653 0.180369 0.076285 0.258240 0.209552 0.293704 0.156542 0.074489 0.256592 0.107944 0.163739 0.137752
0.315103 0.234622 0.313799 0.380329 0.368347 0.292942 0.370109 0.295800 0.329362 0.255272 0.324415 0.317063 0.379184 0.285645 0.322262 0.391573 0.487571 0.483755 0.470413 0.448738 0.492513 0.391278 0.292325 0.413491 0.479531 0.419804 0.374507 0.321670 0.393768 0.366982 0.537708 0.488895 0.304054 0.436072 0.468075 0.288342 0.349499 0.351141 0.233219 0.246740 0.269306 0.381639 0.368762 0.406085 0.266515 0.444450 0.283327 0.166469 0.312779 0.287209 0.254791 0.085525 0.105391 0.174973 0.198138 0.091535 0.072917 0.221762 0.059854 0.069549 0.128203 0.227582 0.216604
0.214568 0.370667 0.208122 0.258052 0.278146 0.392304 0.408675 0.354527 0.340736 0.341983 0.300512 0.468420 0.392549 0.325295 0.241205 0.391785 0.523658 0.486486 0.559884 0.420223 0.337071 0.505469 0.430449 0.317346 0.535690 0.445908 0.399589 0.395092 0.500361 0.526924 0.456306 0.482467 0.429771 0.397508 0.555110 0.443660 0.443859 0.345605 0.292702 0.338691 0.382061 0.373278 0.511609 0.370025 0.405271 0.398407 0.286763 0.166957 0.221921 0.203730 0.181863 0.127714 0.169422 0.208909 0.301628 0.195206 0.107288 0.136100 0.000000 0.127392 0.214107 0.332216 0.422511
0.241161 0.318269 0.352529 0.233393 0.233553 0.306269 0.370972 0.367655 0.438132 0.524143 0.378576 0.412835 0.381270 0.260627 0.207758 0.244454 0.329375 0.482935 0.456277 0.329745 0.326544 0.450962 0.457515 0.476813 0.482096 0.463469 0.403980 0.320104 0.347987 0.492574 0.479910 0.479978 0.334853 0.293813 0.492188 0.477384 0.475080 0.506220 0.491172 0.495975 0.389590 0.403063 0.481051 0.480549 0.324571 0.284733 0.247188 0.118172 0.134245 0.205712 0.367571 0.243359 0.269913 0.253896 0.171209 0.242106 0.201736 0.101739 0.072158 0.095366 0.240610 0.341798 0.360012
0.244399 0.406861 0.368110 0.351609 0.388180 0.359833 0.348722 0.361276 0.489581 0.489542 0.318195 0.350789 0.291041 0.240648 0.319997 0.395867 0.382663 0.413709 0.544676 0.445321 0.468249 0.295417 0.374133 0.344467 0.414948 0.442564 0.570485 0.542983 0.467303 0.391937 0.533433 0.347238 0.298879 0.412587 0.348433 0.434273 0.526983 0.531643 0.547677 0.445529 0.364676 0.465281 0.364439 0.344876 0.261565 0.304535 0.153275 0.252022 0.112346 0.334050 0.260507 0.252188 0.307001 0.212710 0.167419 0.233933 0.250768 0.149078 0.243690 0.221077 0.313173 0.410724 0.310277
0.329739 0.315920 0.462804 0.424099 0.255257 0.296433 0.312753 0.309850 0.301888 0.328246 0.398043 0.426519 0.399225 0.370521 0.277237 0.436564 0.381680 0.326870 0.473337 0.367484 0.510032 0.343022 0.296632 0.412955 0.289394 0.544529 0.600401 0.499874 0.504263 0.480637 0.459255 0.533754 0.516606 0.396924 0.379894 0.375936 0.469221 0.413349 0.341581 0.285688 0.329528 0.383953 0.319283 0.413585 0.333775 0.198473 0.239836 0.275473 0.119837 0.326887 0.319340 0.284312 0.151174 0.214574 0.190338 0.144260 0.263157 0.291687 0.356695 0.304619 0.195655 0.268443 0.378877
0.370766 0.321169 0.364258 0.326721 0.368575 0.270855 0.265888 0.300262 0.278026 0.449797 0.415663 0.430552 0.420904 0.329908 0.448189 0.423579 0.348626 0.356945 0.554875 0.421312 0.531559 0.326739 0.367854 0.317968 0.393246 0.534191 0.645744 0.568959 0.487346 0.429289 0.512319 0.479867 0.402396 0.424164 0.379704 0.302450 0.293473 0.383675 0.363410 0.305953 0.433777 0.339285 0.399659 0.235435 0.295030 0.244471 0.127556 0.204151 0.171681 0.186552 0.248246 0.260055 0.242740 0.249650 0.297396 0.266666 0.458139 0.405378 0.434416 0.243592 0.220808 0.279185 0.274090
0.492999 0.355480 0.423487 0.369157 0.466657 0.397836 0.454634 0.358490 0.372525 0.608689 0.614149 0.603796 0.520428 0.336566 0.439241 0.463179 0.409667 0.455421 0.499154 0.565861 0.465541 0.452410 0.379267 0.278528 0.442010 0.481228 0.501551 0.566258 0.413700 0.514160 0.422919 0.437448 0.486139 0.401311 0.498740 0.473799 0.357377 0.266414 0.402290 0.348489 0.334403 0.292137 0.246434 0.352875 0.265566 0.240488 0.261501 0.303717 0.310768 0.305282 0.177986 0.301452 0.366460 0.379777 0.336332 0.361499 0.431926 0.439397 0.434134 0.394619 0.208041 0.315143 0.386635
0.413882 0.444944 0.450900 0.375280 0.455674 0.373736 0.374035 0.452208 0.478827 0.590631 0.541681 0.541248 0.444579 0.487060 0.356840 0.426681 0.543991 0.471486 0.408818 0.483698 0.552338 0.545097 0.425768 0.363332 0.504985 0.446581 0.554874 0.525958 0.449745 0.436263 0.443378 0.482668 0.576583 0.416598 0.336634 0.408496 0.343640 0.245130 0.383786 0.354248 0.255680 0.250653 0.350530 0.304182 0.239373 0.165235 0.364986 0.278919 0.263245 0.347707 0.383705 0.251242 0.278605 0.252111 0.213022 0.377475 0.402061 0.309017 0.421291 0.324326 0.273874 0.213935 0.295257
0.388989 0.406589 0.499647 0.460380 0.407915 0.506393 0.360720 0.424543 0.553124 0.613683 0.663080 0.560465 0.439463 0.532706 0.499943 0.491570 0.491399 0.513729 0.517308 0.581322 0.405091 0.589591 0.495780 0.466652 0.458157 0.428063 0.380997 0.596175 0.628834 0.565216 0.494243 0.544779 0.508372 0.360956 0.446693 0.298290 0.411935 0.382964 0.219293 0.446689 0.416359 0.212337 0.204981 0.340894 0.209389 0.273253 0.302482 0.333250 0.225799 0.353226 0.404497 0.332669 0.217122 0.327076 0.325195 0.372808 0.340911 0.368283 0.408005 0.232537 0.298967 0.202365 0.327871
0.384336 0.424933 0.556581 0.473736 0.447439 0.434116 0.308711 0.365275 0.573976 0.542704 0.485749 0.530464 0.488158 0.392175 0.414840 0.470093 0.465935 0.380753 0.314995 0.464305 0.554775 0.561747 0.552527 0.472760 0.571886 0.461974 0.427376 0.481828 0.509047 0.599604 0.581826 0.543226 0.452614 0.412974 0.372992 0.332335 0.261527 0.363401 0.279403 0.382931 0.311031 0.361058 0.389040 0.344368 0.188710 0.190966 0.313557 0.304031 0.171880 0.309811 0.301443 0.335839 0.160879 0.190870 0.372657 0.406922 0.353372 0.425590 0.438312 0.228323 0.296053 0.308698 0.407894
