examples/roundtrip.asc
ncols         70
nrows         60
xllcorner     0.0
yllcorner     0.0
cellsize      1.0
NODATA_value  -9999
[rows 28 to 55 of 60, columns 0 to 62 of 70]
0.474186 0.415010 0.434949 0.454482 0.370186 0.374813 0.280111 0.238129 0.248959 0.327510 0.388723 0.447914 0.459503 0.456537 0.448870 0.443494 0.510923 0.486395 0.458640 0.450247 0.532582 0.591075 0.606739 0.575567 0.547474 0.490676 0.423203 0.409341 0.388518 0.446953 0.465106 0.473807 0.538042 0.578174 0.656624 0.677918 0.646550 0.647468 0.627238 0.575568 0.545703 0.507777 0.483515 0.493484 0.495105 0.546400 0.567998 0.554998 0.518681 0.443341 0.454018 0.488151 0.498882 0.541607 0.534774 0.505088 0.485173 0.534528 0.593595 0.608650 0.607158 0.614214 0.648489
0.456124 0.423153 0.419187 0.433222 0.436316 0.350404 0.291003 0.188879 0.233369 0.282864 0.369569 0.412624 0.434286 0.461806 0.470624 0.489839 0.496810 0.493690 0.430720 0.383130 0.447929 0.548456 0.604846 0.623647 0.592991 0.514763 0.417938 0.371454 0.380408 0.423253 0.485718 0.493757 0.541889 0.563798 0.578957 0.571792 0.552817 0.563801 0.534541 0.462587 0.430006 0.399615 0.413479 0.485935 0.536458 0.548175 0.568687 0.534241 0.511647 0.459813 0.438716 0.432805 0.458136 0.478840 0.497636 0.462401 0.478285 0.531491 0.600469 0.639102 0.650688 0.658657 0.654939
0.473222 0.481378 0.447468 0.416686 0.385034 0.262299 0.217317 0.177285 0.215690 0.259809 0.336702 0.402580 0.433228 0.451562 0.461770 0.482696 0.466007 0.505849 0.449054 0.429995 0.435380 0.463593 0.553677 0.616809 0.609407 0.540782 0.477679 0.432726 0.382629 0.423565 0.390461 0.426525 0.447104 0.469000 0.460593 0.473222 0.455266 0.448627 0.484010 0.434781 0.387095 0.387343 0.407672 0.475283 0.463914 0.518916 0.548651 0.519894 0.521170 0.516007 0.443603 0.441948 0.452986 0.488774 0.485437 0.448407 0.465768 0.493676 0.581569 0.655724 0.687871 0.710556 0.691494
0.515926 0.509538 0.471996 0.414815 0.337907 0.238682 0.190405 0.120459 0.175190 0.210702 0.291500 0.364099 0.428641 0.474982 0.463904 0.476157 0.469358 0.504893 0.477689 0.457058 0.455048 0.464177 0.494774 0.583985 0.635481 0.610174 0.529507 0.467892 0.410591 0.376618 0.326687 0.348522 0.367323 0.365890 0.349282 0.354961 0.360104 0.357842 0.390662 0.443974 0.363523 0.375940 0.392231 0.389878 0.415847 0.487328 0.548161 0.539531 0.523662 0.503970 0.416696 0.413812 0.477881 0.485917 0.509212 0.458246 0.482265 0.510211 0.563927 0.659988 0.722012 0.713287 0.692556
0.480286 0.449463 0.422686 0.335508 0.314505 0.259731 0.164273 0.091049 0.100003 0.138873 0.204913 0.268432 0.340962 0.405265 0.427909 0.484909 0.478167 0.459540 0.438306 0.426017 0.439579 0.460200 0.515215 0.546049 0.569232 0.586565 0.525895 0.468738 0.442672 0.368846 0.330359 0.300273 0.320461 0.294533 0.300980 0.332059 0.380782 0.361351 0.352795 0.343801 0.285517 0.276701 0.306058 0.310867 0.342368 0.368689 0.434766 0.468137 0.488224 0.461673 0.433589 0.447945 0.438458 0.461750 0.485658 0.461163 0.482824 0.508442 0.553527 0.652805 0.724845 0.749508 0.712193
0.427356 0.422730 0.415027 0.331336 0.325406 0.289195 0.200054 0.103932 0.017849 0.062394 0.106400 0.153393 0.233616 0.314504 0.383474 0.417272 0.389782 0.369743 0.377842 0.395387 0.409448 0.447747 0.502057 0.504223 0.477112 0.444335 0.435649 0.464977 0.463432 0.399143 0.331889 0.334467 0.362219 0.310300 0.331198 0.349317 0.413970 0.411639 0.351806 0.272791 0.268481 0.294084 0.254681 0.296781 0.293674 0.277400 0.343984 0.406528 0.376671 0.356621 0.394980 0.409974 0.393347 0.439808 0.492692 0.478772 0.492270 0.556965 0.600838 0.602856 0.630830 0.706947 0.721742
0.466303 0.418441 0.363822 0.310485 0.287959 0.268689 0.187275 0.079554 0.065002 0.111978 0.134063 0.164747 0.216301 0.276907 0.365918 0.389312 0.381063 0.398894 0.419612 0.404702 0.391296 0.391379 0.390282 0.419557 0.408814 0.353857 0.387058 0.421720 0.445117 0.430628 0.432720 0.440364 0.424818 0.375155 0.395160 0.414647 0.430001 0.428489 0.353478 0.298211 0.303717 0.289243 0.260489 0.243225 0.289098 0.249946 0.290714 0.351742 0.332551 0.269931 0.259491 0.317669 0.376925 0.426479 0.479529 0.447888 0.464806 0.562176 0.620015 0.613232 0.565597 0.614417 0.654912
0.467559 0.426907 0.366766 0.328144 0.331232 0.306886 0.222909 0.135370 0.144378 0.148777 0.174558 0.177802 0.219373 0.287001 0.368954 0.398529 0.385529 0.374873 0.416335 0.386697 0.321895 0.259355 0.278913 0.287631 0.321270 0.313103 0.302756 0.382345 0.391519 0.475715 0.482322 0.451314 0.476030 0.453040 0.486537 0.530433 0.523484 0.472883 0.450803 0.370491 0.333475 0.326917 0.305888 0.325051 0.273587 0.248548 0.240263 0.256873 0.250451 0.224441 0.200846 0.249216 0.291759 0.363421 0.468087 0.496462 0.525288 0.587356 0.643668 0.650766 0.608271 0.591806 0.606656
0.350756 0.377650 0.331936 0.346512 0.324094 0.338124 0.326879 0.281681 0.247104 0.202372 0.222088 0.231595 0.272859 0.317585 0.371291 0.348981 0.385195 0.402177 0.431025 0.396174 0.360573 0.311650 0.284428 0.287597 0.313824 0.345526 0.349419 0.393648 0.407789 0.515877 0.518817 0.491382 0.509286 0.501517 0.518938 0.513112 0.488896 0.429856 0.425151 0.407194 0.346908 0.335278 0.327922 0.306812 0.301866 0.250940 0.275105 0.248686 0.269499 0.286289 0.260127 0.274105 0.341560 0.402255 0.478732 0.569232 0.617981 0.643649 0.647021 0.657907 0.638781 0.651129 0.590977
0.292312 0.281678 0.318158 0.339340 0.355794 0.385709 0.390131 0.402427 0.354926 0.305225 0.279645 0.357080 0.367158 0.407602 0.414809 0.422064 0.457342 0.423072 0.454424 0.457045 0.427381 0.413455 0.340532 0.327862 0.352029 0.385227 0.414566 0.450496 0.489647 0.535205 0.566623 0.586687 0.521632 0.551606 0.526863 0.484377 0.448148 0.367440 0.360937 0.332177 0.317498 0.346166 0.359722 0.311459 0.323214 0.337900 0.287677 0.305871 0.357637 0.388213 0.364102 0.350822 0.406960 0.492862 0.588421 0.656553 0.710069 0.671583 0.691995 0.704977 0.709070 0.677490 0.675934
0.226908 0.244151 0.314255 0.363804 0.389004 0.441721 0.461226 0.484592 0.455177 0.415662 0.362076 0.426721 0.475340 0.486139 0.490622 0.459431 0.488320 0.502596 0.500077 0.495853 0.476461 0.459419 0.380906 0.411361 0.460554 0.484123 0.516158 0.547829 0.567703 0.577252 0.608318 0.591918 0.554549 0.534538 0.475080 0.438039 0.390997 0.347133 0.316174 0.317983 0.325320 0.381038 0.433307 0.381787 0.407685 0.401636 0.377204 0.345345 0.394878 0.452620 0.441497 0.383011 0.451198 0.550224 0.612310 0.708173 0.773327 0.744435 0.753722 0.761242 0.738243 0.702094 0.663829
0.211229 0.255181 0.291734 0.364947 0.450411 0.483470 0.530051 0.524069 0.542549 0.519968 0.541791 0.527445 0.536232 0.524147 0.513669 0.544393 0.534449 0.564750 0.595034 0.578533 0.517051 0.487520 0.437943 0.420055 0.489360 0.550512 0.550810 0.612777 0.627917 0.672458 0.680606 0.649031 0.568849 0.516569 0.497426 0.451429 0.385471 0.294686 0.284111 0.292788 0.327250 0.367060 0.407966 0.450420 0.415192 0.432763 0.430039 0.428790 0.467477 0.510791 0.496984 0.515651 0.562151 0.631103 0.693084 0.700903 0.696446 0.758378 0.736199 0.764566 0.805946 0.766587 0.698134
0.190401 0.220884 0.252746 0.372246 0.425162 0.540773 0.611715 0.594491 0.631463 0.639087 0.666044 0.653167 0.624083 0.603088 0.567740 0.547449 0.548910 0.619990 0.614849 0.558788 0.496847 0.485799 0.452137 0.485284 0.524195 0.544864 0.578985 0.633897 0.660085 0.678664 0.628799 0.583510 0.533724 0.543079 0.481398 0.445830 0.405115 0.376479 0.344196 0.268520 0.277864 0.307532 0.383396 0.463327 0.457421 0.398518 0.372539 0.410565 0.441891 0.507294 0.536815 0.549825 0.565938 0.600243 0.716898 0.707267 0.703450 0.721896 0.777673 0.813965 0.866211 0.846288 0.762153
0.206653 0.196588 0.273488 0.393481 0.448630 0.571448 0.615135 0.673773 0.661105 0.724663 0.790437 0.764324 0.752947 0.690987 0.611046 0.563208 0.526537 0.540239 0.572891 0.550259 0.501136 0.495779 0.541042 0.584449 0.612853 0.614323 0.645440 0.637099 0.695349 0.728671 0.675695 0.578773 0.537072 0.482502 0.440732 0.437154 0.421817 0.382317 0.390542 0.353837 0.330085 0.324984 0.364050 0.407413 0.353943 0.332628 0.320001 0.351687 0.412258 0.441387 0.506591 0.489043 0.537033 0.546167 0.614782 0.699794 0.766783 0.753653 0.777180 0.820660 0.801755 0.791417 0.771381
0.247119 0.247056 0.300332 0.382670 0.505145 0.581802 0.630948 0.714883 0.752335 0.795002 0.848282 0.833613 0.803914 0.733808 0.631204 0.535828 0.457648 0.457966 0.510156 0.495726 0.468898 0.520174 0.549974 0.593207 0.610540 0.644327 0.645432 0.676277 0.724985 0.680524 0.617161 0.537388 0.505398 0.474815 0.443465 0.448153 0.413937 0.380811 0.425783 0.447325 0.387359 0.367407 0.367642 0.312083 0.258494 0.248414 0.239136 0.317058 0.391200 0.422224 0.457322 0.441683 0.511736 0.539199 0.603692 0.686428 0.710595 0.723240 0.734337 0.745969 0.732687 0.718314 0.698096
0.322191 0.353800 0.377551 0.481275 0.538754 0.585942 0.677479 0.742142 0.809157 0.818294 0.836436 0.825843 0.795018 0.729427 0.642674 0.573057 0.458935 0.463453 0.521243 0.543178 0.516380 0.517346 0.576831 0.590253 0.603130 0.616590 0.587784 0.627143 0.636175 0.595152 0.586083 0.522199 0.522109 0.483249 0.468090 0.452831 0.440486 0.474540 0.453055 0.451304 0.390722 0.294724 0.299600 0.239376 0.206392 0.206420 0.209595 0.304366 0.352096 0.411762 0.451939 0.460045 0.456570 0.541124 0.584727 0.592511 0.631953 0.705557 0.736521 0.732502 0.715407 0.677928 0.610905
0.423593 0.446380 0.441597 0.494420 0.587211 0.634411 0.701504 0.745363 0.780504 0.756367 0.756100 0.731617 0.698040 0.651240 0.597041 0.586790 0.493763 0.487345 0.521009 0.545015 0.546809 0.533072 0.560233 0.553043 0.530847 0.527971 0.528021 0.488599 0.477886 0.495139 0.483545 0.503251 0.514369 0.491099 0.443280 0.453869 0.503658 0.522936 0.505027 0.443719 0.364967 0.293811 0.210982 0.215171 0.217725 0.207282 0.234022 0.274369 0.316517 0.424146 0.465140 0.428201 0.446946 0.484845 0.536735 0.544984 0.550989 0.633750 0.703901 0.734037 0.717339 0.679727 0.626195
0.473222 0.518796 0.515316 0.504809 0.574444 0.649909 0.697074 0.709979 0.701018 0.695214 0.685979 0.649356 0.632218 0.609033 0.571571 0.523727 0.450593 0.459501 0.490347 0.565998 0.531986 0.506100 0.526613 0.524630 0.494487 0.496713 0.477830 0.441227 0.382600 0.413019 0.398707 0.431267 0.481463 0.437017 0.430269 0.473222 0.533607 0.539112 0.494179 0.470112 0.430065 0.340556 0.253412 0.221464 0.253709 0.247920 0.242404 0.262929 0.331614 0.433428 0.438400 0.441007 0.467359 0.491893 0.490193 0.508580 0.541086 0.614761 0.657834 0.706910 0.735722 0.715701 0.654115
0.521702 0.553752 0.551069 0.546889 0.589539 0.592762 0.651334 0.652707 0.638771 0.613847 0.616775 0.582293 0.591633 0.603214 0.572705 0.513218 0.428863 0.459908 0.514562 0.515743 0.546608 0.498554 0.469044 0.472084 0.435920 0.411300 0.435929 0.419229 0.369269 0.356112 0.364799 0.400400 0.461993 0.450545 0.430270 0.443623 0.475821 0.521266 0.494310 0.492666 0.469510 0.403165 0.288513 0.261469 0.266623 0.258316 0.247562 0.245860 0.283241 0.369039 0.384861 0.374830 0.425940 0.482334 0.494989 0.452093 0.537413 0.599145 0.638388 0.712560 0.742620 0.710422 0.677709
0.511533 0.528401 0.557481 0.574786 0.608598 0.593401 0.607798 0.676990 0.669840 0.659213 0.685786 0.650003 0.629241 0.590699 0.561775 0.531112 0.488185 0.463199 0.502310 0.486559 0.471496 0.469389 0.438230 0.439421 0.401234 0.347881 0.341206 0.365399 0.299115 0.305468 0.329192 0.455096 0.485802 0.473693 0.458085 0.436632 0.436736 0.498526 0.494126 0.484787 0.520137 0.479356 0.380827 0.352066 0.342654 0.295734 0.269623 0.258859 0.297641 0.335175 0.343740 0.352550 0.366474 0.442104 0.423340 0.429987 0.477436 0.528130 0.591668 0.705566 0.777164 0.736145 0.672247
0.578045 0.579835 0.557819 0.574738 0.626716 0.668073 0.686576 0.713130 0.693806 0.697691 0.717678 0.720819 0.694646 0.629020 0.570434 0.552053 0.579793 0.511703 0.490997 0.468390 0.436296 0.421686 0.401755 0.354058 0.358311 0.339837 0.328489 0.294670 0.280375 0.316416 0.413122 0.513373 0.514902 0.541251 0.540314 0.510658 0.470585 0.451674 0.454067 0.439548 0.488630 0.490185 0.428752 0.336454 0.338340 0.284595 0.299114 0.322712 0.324700 0.313280 0.349141 0.374038 0.401083 0.416270 0.448166 0.426033 0.458141 0.503993 0.602078 0.692057 0.698812 0.690118 0.608541
0.614464 0.627169 0.620311 0.601792 0.687398 0.724602 0.724460 0.709706 0.681382 0.694019 0.688774 0.653392 0.665187 0.582552 0.526973 0.546542 0.575960 0.567992 0.491055 0.420069 0.370556 0.346999 0.348778 0.303686 0.355399 0.362853 0.307066 0.261992 0.275417 0.344853 0.390516 0.503842 0.557518 0.615851 0.611516 0.531933 0.481511 0.435095 0.399414 0.447313 0.486022 0.488134 0.428141 0.368595 0.337208 0.311950 0.331914 0.394554 0.364140 0.346489 0.329399 0.352396 0.389901 0.429541 0.449072 0.423168 0.462311 0.520314 0.593738 0.640688 0.604192 0.548038 0.494395
0.639771 0.630245 0.635612 0.641454 0.689350 0.756994 0.715019 0.693920 0.666621 0.671792 0.668219 0.625799 0.548432 0.538321 0.527335 0.544804 0.525885 0.526841 0.429918 0.347739 0.335998 0.378564 0.341102 0.339398 0.393003 0.363075 0.341961 0.369067 0.321310 0.390032 0.454058 0.506590 0.590085 0.627456 0.586040 0.558403 0.480673 0.397016 0.399287 0.423886 0.452827 0.456128 0.422090 0.404426 0.356595 0.273142 0.346261 0.379967 0.410956 0.399730 0.330314 0.380494 0.358079 0.418810 0.397035 0.411232 0.484903 0.556017 0.593758 0.585169 0.524953 0.496061 0.447069
0.725940 0.639662 0.580289 0.626059 0.677907 0.753948 0.741408 0.709248 0.609891 0.601060 0.589303 0.544185 0.468382 0.467786 0.546007 0.535070 0.492802 0.471312 0.400580 0.362636 0.376971 0.411909 0.374434 0.381615 0.377723 0.379066 0.458022 0.500760 0.481497 0.515037 0.565248 0.595013 0.643535 0.639112 0.578916 0.538571 0.468618 0.424966 0.402982 0.394814 0.407359 0.403169 0.345788 0.361015 0.334594 0.317576 0.355097 0.346382 0.372900 0.394337 0.399190 0.385630 0.382269 0.422760 0.425468 0.485470 0.460925 0.510819 0.579440 0.556439 0.535329 0.506507 0.438564
0.677133 0.621970 0.588747 0.604772 0.635255 0.731619 0.734205 0.663969 0.614796 0.592825 0.568699 0.479458 0.459408 0.484081 0.514549 0.535422 0.537673 0.475439 0.397781 0.360758 0.351014 0.391921 0.363177 0.393207 0.378790 0.357601 0.463142 0.527368 0.529011 0.541224 0.532901 0.585935 0.651557 0.594080 0.567944 0.502106 0.442119 0.427415 0.466958 0.470104 0.436667 0.399251 0.365049 0.417299 0.454726 0.425310 0.389491 0.395076 0.417300 0.450535 0.453984 0.418045 0.421123 0.436539 0.485795 0.507519 0.505600 0.508868 0.489874 0.536058 0.531963 0.484770 0.402424
0.716978 0.675512 0.620700 0.663991 0.659080 0.717350 0.681994 0.593956 0.568286 0.563612 0.557880 0.514101 0.456944 0.500816 0.537811 0.593386 0.571261 0.519972 0.465219 0.408110 0.352314 0.327609 0.366782 0.399725 0.427846 0.410404 0.451916 0.515529 0.568606 0.548027 0.562130 0.617761 0.610862 0.557746 0.503185 0.452779 0.383565 0.437465 0.498399 0.486331 0.502252 0.526913 0.483071 0.466749 0.483676 0.530831 0.500511 0.489394 0.493760 0.536850 0.587265 0.520473 0.538582 0.550195 0.542645 0.498644 0.479536 0.468450 0.503887 0.521200 0.539307 0.514409 0.424911
0.733842 0.697561 0.646833 0.643746 0.646644 0.663682 0.650997 0.558310 0.522229 0.473429 0.413237 0.432946 0.429716 0.497278 0.572353 0.577475 0.574107 0.491207 0.447640 0.404660 0.405636 0.415855 0.391007 0.425567 0.483922 0.475215 0.505531 0.516461 0.519890 0.524109 0.550587 0.534311 0.559762 0.518615 0.443822 0.425395 0.409794 0.422672 0.483469 0.526232 0.570293 0.578875 0.561461 0.571869 0.558569 0.590535 0.579045 0.540111 0.606254 0.656491 0.636491 0.631772 0.624543 0.587342 0.536189 0.525261 0.496123 0.460718 0.470491 0.566912 0.608683 0.552091 0.451559
0.754193 0.712043 0.685405 0.640593 0.623549 0.569520 0.508161 0.435350 0.393944 0.315170 0.266018 0.288427 0.360380 0.413973 0.531242 0.556310 0.538030 0.507490 0.510594 0.416249 0.393679 0.453269 0.516399 0.525360 0.577914 0.550027 0.508422 0.496696 0.470584 0.487140 0.508191 0.490822 0.540338 0.527575 0.484005 0.465478 0.444626 0.396481 0.420928 0.475234 0.518772 0.606226 0.640562 0.634409 0.620894 0.625078 0.611614 0.625053 0.653724 0.686236 0.682454 0.658795 0.607934 0.551873 0.482756 0.482271 0.517219 0.540861 0.554540 0.580653 0.632365 0.571290 0.483713
