examples/roundtrip.asc
ncols         70
nrows         60
xllcorner     0.0
yllcorner     0.0
cellsize      1.0
NODATA_value  -9999
[rows 0 to 27 of 60, columns 0 to 62 of 70]
0.473222 0.466701 0.428310 0.401499 0.442101 0.466093 0.400226 0.399259 0.300287 0.236016 0.155501 0.150718 0.197236 0.226206 0.282810 0.389011 0.396702 0.443515 0.505413 0.582843 0.610158 0.675296 0.719740 0.738589 0.686879 0.668529 0.689732 0.727142 0.672361 0.610422 0.606947 0.600677 0.604501 0.543007 0.474190 0.473222 0.442900 0.389723 0.347409 0.331871 0.355339 0.319626 0.284552 0.253151 0.252788 0.266553 0.202157 0.185437 0.221515 0.274829 0.394817 0.410760 0.467083 0.482650 0.482066 0.586398 0.657275 0.732671 0.788381 0.740796 0.712465 0.688922 0.685317
0.340891 0.360178 0.392993 0.410100 0.412679 0.410861 0.387758 0.362362 0.318056 0.247278 0.180291 0.139044 0.204281 0.240240 0.298952 0.364265 0.417986 0.477065 0.479682 0.550075 0.597288 0.662419 0.740346 0.722207 0.665274 0.677762 0.720495 0.695337 0.717344 0.634371 0.613402 0.604982 0.594643 0.579876 0.528610 0.532257 0.504070 0.407774 0.357804 0.309511 0.322106 0.262022 0.255794 0.215209 0.247162 0.237477 0.184391 0.145931 0.189841 0.261533 0.359673 0.421377 0.525917 0.533499 0.558303 0.601013 0.681007 0.732419 0.763129 0.716517 0.642809 0.669595 0.641828
0.289918 0.254214 0.266510 0.360322 0.384044 0.370662 0.423353 0.344210 0.268246 0.232368 0.201106 0.183294 0.200757 0.171871 0.183974 0.286640 0.335251 0.424095 0.427007 0.490893 0.548717 0.632479 0.743843 0.744654 0.739944 0.730465 0.715574 0.703688 0.709243 0.644357 0.604947 0.588074 0.515845 0.520897 0.499839 0.499366 0.485349 0.445428 0.324646 0.280090 0.282914 0.219669 0.207165 0.203629 0.193678 0.211470 0.109891 0.068854 0.093538 0.188480 0.312389 0.369434 0.462638 0.522030 0.607578 0.634033 0.687579 0.687109 0.688665 0.665352 0.618122 0.637177 0.684749
0.235414 0.208392 0.219160 0.250428 0.334581 0.392889 0.345815 0.341274 0.273797 0.202304 0.179278 0.161799 0.150343 0.146488 0.169133 0.230479 0.293242 0.322671 0.384216 0.417961 0.451635 0.587927 0.676738 0.711722 0.717653 0.716951 0.728327 0.701236 0.728233 0.676544 0.590558 0.499994 0.435246 0.397007 0.421721 0.427791 0.437952 0.409687 0.336137 0.255161 0.178011 0.179302 0.179215 0.168276 0.137385 0.091800 0.063676 0.056368 0.083284 0.184885 0.255561 0.308188 0.356670 0.472464 0.540583 0.566144 0.582227 0.600575 0.579377 0.605057 0.607541 0.634254 0.673190
0.239265 0.205158 0.186834 0.205222 0.288241 0.310268 0.363581 0.375671 0.354428 0.251553 0.213292 0.202058 0.133279 0.145741 0.172009 0.195290 0.248295 0.290955 0.353541 0.395881 0.411899 0.496931 0.559836 0.625006 0.657022 0.638696 0.657911 0.655120 0.684366 0.679112 0.583108 0.509329 0.392481 0.335909 0.320645 0.314532 0.301132 0.326212 0.320593 0.285385 0.210849 0.170530 0.151160 0.176877 0.173878 0.125283 0.106861 0.095184 0.144967 0.206935 0.262101 0.284060 0.267438 0.349892 0.407098 0.422068 0.450169 0.453256 0.454641 0.501993 0.589675 0.649481 0.742870
0.241949 0.185222 0.201005 0.234687 0.292066 0.289260 0.350510 0.356079 0.324790 0.274725 0.246007 0.192258 0.134614 0.139911 0.150533 0.185539 0.241119 0.267556 0.316768 0.355558 0.358485 0.432362 0.470196 0.474533 0.502443 0.543359 0.543545 0.538166 0.603713 0.609994 0.531312 0.419985 0.324454 0.274479 0.261479 0.226000 0.244109 0.280954 0.260433 0.298256 0.283820 0.207127 0.179161 0.184515 0.179442 0.143060 0.168295 0.180003 0.167236 0.187120 0.218279 0.211411 0.208082 0.267449 0.313312 0.346278 0.316617 0.367663 0.389167 0.472155 0.559051 0.637074 0.724252
0.277132 0.275560 0.283781 0.282660 0.253031 0.234284 0.262777 0.298748 0.262509 0.160793 0.130579 0.062340 0.049397 0.049459 0.088661 0.156442 0.192919 0.215136 0.274384 0.293445 0.335285 0.382856 0.372459 0.376740 0.405621 0.467612 0.516710 0.508192 0.525380 0.495570 0.455485 0.387975 0.348239 0.316608 0.286995 0.235265 0.255759 0.247027 0.277401 0.296911 0.345266 0.305922 0.257174 0.223623 0.189284 0.172215 0.234688 0.248023 0.195817 0.158582 0.210656 0.269767 0.236785 0.266977 0.268355 0.253954 0.281560 0.355151 0.379892 0.383956 0.511119 0.575926 0.641632
0.254745 0.282271 0.302236 0.242711 0.268865 0.256262 0.241396 0.234314 0.176101 0.143996 0.072228 0.011670 0.000000 0.025305 0.073623 0.191742 0.195616 0.199694 0.240272 0.297334 0.340218 0.338730 0.368766 0.374136 0.387325 0.444520 0.489025 0.522602 0.485893 0.416813 0.389120 0.387886 0.304949 0.304609 0.286661 0.255608 0.190941 0.190412 0.218012 0.268544 0.334596 0.289308 0.239070 0.217430 0.201472 0.188387 0.236132 0.208938 0.168477 0.138880 0.207325 0.279379 0.257308 0.233952 0.219572 0.268474 0.305984 0.304274 0.297245 0.369747 0.464511 0.575704 0.683727
0.243983 0.269488 0.366381 0.295975 0.270598 0.229201 0.219242 0.203752 0.190536 0.173708 0.114289 0.049940 0.014086 0.051279 0.076617 0.154227 0.202486 0.248703 0.301971 0.329417 0.371470 0.359268 0.424511 0.354073 0.334790 0.396361 0.441316 0.485729 0.525304 0.463870 0.383456 0.367068 0.381242 0.350641 0.337816 0.268176 0.197793 0.212593 0.222002 0.223423 0.280490 0.226751 0.142013 0.118625 0.108431 0.109247 0.144625 0.173366 0.172487 0.150298 0.191779 0.289479 0.287753 0.234736 0.220831 0.255276 0.284768 0.264716 0.262998 0.362413 0.448752 0.532044 0.604306
0.311888 0.283698 0.328710 0.362433 0.324910 0.256442 0.254784 0.257949 0.215218 0.152713 0.111701 0.033470 0.009575 0.052253 0.117466 0.157599 0.203272 0.249695 0.272871 0.320375 0.333525 0.360280 0.361187 0.405426 0.374785 0.401899 0.454612 0.485913 0.480658 0.470400 0.443214 0.378883 0.384355 0.334576 0.258711 0.246963 0.261495 0.239224 0.262645 0.256996 0.291268 0.245021 0.178524 0.110853 0.122148 0.137705 0.112919 0.128584 0.150299 0.192037 0.268730 0.342928 0.331021 0.286925 0.280358 0.248007 0.236162 0.237859 0.264419 0.298795 0.439397 0.541331 0.580641
0.335799 0.290536 0.282454 0.311443 0.294973 0.233194 0.188120 0.183011 0.147556 0.070282 0.093330 0.085536 0.069941 0.066896 0.093267 0.095715 0.122395 0.224927 0.250761 0.315548 0.359642 0.310318 0.319431 0.355674 0.394946 0.421804 0.451214 0.462338 0.434010 0.428754 0.451601 0.421935 0.357326 0.275346 0.238759 0.246573 0.251307 0.271516 0.252963 0.231613 0.251742 0.226435 0.207792 0.116617 0.130354 0.111210 0.093473 0.100927 0.157168 0.223796 0.312642 0.377247 0.329253 0.302189 0.294622 0.273264 0.211433 0.234519 0.266635 0.282032 0.366480 0.448608 0.476871
0.351604 0.270242 0.238522 0.251346 0.215662 0.206358 0.143276 0.111950 0.063584 0.067673 0.069491 0.049529 0.020615 0.076041 0.121142 0.071036 0.108391 0.219208 0.234432 0.303881 0.341740 0.325189 0.356150 0.382914 0.445400 0.531197 0.533979 0.513887 0.524209 0.477476 0.486658 0.450047 0.409556 0.342902 0.319490 0.334364 0.298826 0.347888 0.331156 0.280187 0.225537 0.217596 0.236334 0.210551 0.123008 0.103696 0.102341 0.142909 0.229150 0.268378 0.373412 0.395379 0.359637 0.330929 0.318087 0.305426 0.293171 0.285801 0.269852 0.288492 0.361506 0.403095 0.388905
0.323321 0.262794 0.252342 0.247084 0.195097 0.185504 0.160464 0.093104 0.022607 0.005858 0.010220 0.038350 0.073721 0.119826 0.177491 0.151629 0.178084 0.225110 0.248894 0.280692 0.383628 0.391337 0.418715 0.462028 0.528862 0.618855 0.628632 0.610579 0.612534 0.564793 0.528274 0.449057 0.461914 0.401377 0.388302 0.393836 0.376359 0.320067 0.280986 0.297871 0.267961 0.224821 0.210920 0.213191 0.170694 0.164785 0.164379 0.243374 0.323938 0.346436 0.362565 0.394390 0.356623 0.314315 0.321056 0.326796 0.381833 0.388234 0.364012 0.346717 0.377007 0.369559 0.383481
0.330078 0.284296 0.272571 0.294502 0.261038 0.178110 0.185555 0.072743 0.067508 0.036236 0.063315 0.168077 0.214143 0.217411 0.249512 0.235254 0.264462 0.306535 0.257986 0.291019 0.337726 0.380813 0.441974 0.495238 0.560016 0.637154 0.652463 0.671119 0.665934 0.671696 0.603108 0.501119 0.416048 0.427164 0.446702 0.440193 0.438565 0.398835 0.323948 0.293373 0.281866 0.254034 0.260520 0.216903 0.221379 0.210292 0.241156 0.296127 0.315275 0.314099 0.328460 0.336400 0.323518 0.314242 0.374390 0.373852 0.438546 0.416774 0.385000 0.379499 0.385758 0.400594 0.401112
0.348375 0.363064 0.386450 0.356617 0.296516 0.283765 0.182384 0.138064 0.149606 0.193517 0.226374 0.292660 0.314354 0.311465 0.345680 0.375972 0.420714 0.358611 0.319036 0.321387 0.360640 0.402373 0.458460 0.492453 0.545720 0.613418 0.658765 0.706949 0.681037 0.686487 0.634924 0.550604 0.414032 0.379341 0.435725 0.451434 0.461508 0.463299 0.382608 0.316891 0.291413 0.289717 0.302390 0.245155 0.239491 0.248213 0.287041 0.346628 0.371067 0.363123 0.345807 0.358286 0.364676 0.402967 0.431929 0.459463 0.469804 0.464224 0.435620 0.422393 0.452519 0.497647 0.450411
0.473222 0.488215 0.461167 0.369065 0.321763 0.321300 0.274765 0.225911 0.251157 0.251588 0.336848 0.399686 0.433171 0.457454 0.445837 0.476480 0.497180 0.480401 0.443625 0.400223 0.424672 0.468802 0.508080 0.532629 0.604426 0.655416 0.706427 0.711348 0.774450 0.720644 0.641525 0.591231 0.482326 0.434367 0.479012 0.473222 0.458861 0.445663 0.398541 0.340821 0.352609 0.324108 0.260796 0.279270 0.238771 0.272176 0.345070 0.388875 0.445817 0.450220 0.410006 0.452222 0.453494 0.495873 0.503955 0.553253 0.545403 0.543100 0.548443 0.497513 0.491350 0.476136 0.463246
0.555852 0.568803 0.538108 0.456636 0.396719 0.352264 0.334780 0.312954 0.286766 0.331170 0.411124 0.481497 0.541053 0.580539 0.559011 0.545369 0.575202 0.604166 0.586764 0.514767 0.494752 0.517729 0.527365 0.559275 0.626308 0.665736 0.721538 0.761152 0.810924 0.767381 0.672757 0.647172 0.582508 0.519045 0.519334 0.515496 0.520339 0.483212 0.434664 0.346872 0.335793 0.305290 0.280866 0.242911 0.249792 0.273043 0.371727 0.458450 0.502752 0.514225 0.487461 0.533590 0.532419 0.599557 0.609882 0.643637 0.649129 0.634761 0.597091 0.544265 0.492218 0.459338 0.428200
0.621187 0.589066 0.554063 0.514673 0.485635 0.475392 0.436400 0.412391 0.390821 0.465307 0.500370 0.551185 0.604308 0.610375 0.633773 0.658304 0.690331 0.678507 0.658502 0.638637 0.600985 0.616189 0.606641 0.598837 0.667084 0.692354 0.723764 0.752953 0.730668 0.669130 0.675614 0.646542 0.602396 0.557880 0.557305 0.565211 0.581629 0.543047 0.474564 0.419027 0.390875 0.351006 0.320896 0.244012 0.232318 0.252810 0.338844 0.458945 0.524235 0.578886 0.623650 0.624800 0.620004 0.653336 0.591497 0.630714 0.648569 0.646271 0.630740 0.613212 0.558492 0.498204 0.499710
0.651753 0.629542 0.578651 0.599767 0.596362 0.558006 0.514072 0.478935 0.493411 0.501676 0.577614 0.601999 0.616019 0.615494 0.633481 0.643133 0.678212 0.695286 0.672635 0.697419 0.711193 0.718480 0.732835 0.703845 0.713826 0.787901 0.751617 0.725222 0.686630 0.675498 0.670285 0.699432 0.649410 0.627940 0.607291 0.590020 0.592997 0.576581 0.518692 0.496441 0.438389 0.457441 0.415993 0.348225 0.293464 0.296093 0.355336 0.406970 0.485339 0.577904 0.651657 0.651154 0.607583 0.649988 0.627782 0.614870 0.672565 0.726119 0.717978 0.710230 0.641188 0.583104 0.576975
0.736810 0.698664 0.611815 0.593591 0.561803 0.580221 0.523677 0.531896 0.492377 0.500649 0.532337 0.549702 0.566206 0.564413 0.568898 0.635219 0.680626 0.732994 0.727662 0.752606 0.823124 0.824208 0.808421 0.811302 0.830018 0.862806 0.833035 0.785169 0.767753 0.718507 0.722335 0.746705 0.694386 0.652566 0.648725 0.615314 0.604796 0.565985 0.505870 0.493276 0.491457 0.508660 0.509223 0.483956 0.443754 0.355825 0.377663 0.422229 0.467807 0.555913 0.594402 0.572841 0.590301 0.630315 0.611980 0.632719 0.716653 0.804647 0.817746 0.794322 0.728954 0.679047 0.639307
0.794646 0.702548 0.631780 0.610960 0.595291 0.574082 0.562156 0.544446 0.515991 0.516136 0.520495 0.533638 0.472738 0.468300 0.518419 0.598545 0.655044 0.736508 0.774399 0.807470 0.885920 0.921156 0.939535 0.926117 0.904352 0.885705 0.885022 0.855465 0.799996 0.828867 0.748865 0.792052 0.766062 0.702062 0.624780 0.633761 0.617721 0.551917 0.464476 0.514941 0.565441 0.562797 0.593275 0.579852 0.530344 0.426663 0.376284 0.385345 0.435566 0.499319 0.526933 0.539375 0.593329 0.609775 0.661839 0.678923 0.747606 0.846860 0.830707 0.803971 0.737742 0.710675 0.686428
0.700761 0.631020 0.570563 0.567292 0.543992 0.503615 0.514655 0.501548 0.529017 0.484951 0.515826 0.468204 0.394176 0.452950 0.534019 0.604039 0.666458 0.705672 0.752755 0.771344 0.878082 0.948790 0.992079 1.000000 0.948863 0.877131 0.879746 0.854355 0.807426 0.807552 0.809582 0.829606 0.783268 0.711614 0.624547 0.651848 0.651806 0.594870 0.527450 0.522216 0.568197 0.616890 0.655182 0.604239 0.496600 0.452354 0.405905 0.401642 0.390344 0.480212 0.557042 0.593991 0.638512 0.669856 0.734672 0.773422 0.807626 0.847811 0.852326 0.772501 0.731626 0.690668 0.645472
0.680391 0.614887 0.581096 0.589045 0.578500 0.492894 0.491375 0.501878 0.527271 0.512176 0.482165 0.449332 0.409634 0.435927 0.518117 0.604745 0.650809 0.707196 0.707651 0.774904 0.796749 0.890311 0.946605 0.967048 0.872121 0.834595 0.817140 0.804508 0.817291 0.766215 0.747059 0.775257 0.764411 0.746384 0.695733 0.700833 0.687864 0.644767 0.637595 0.658262 0.654359 0.663871 0.645480 0.588094 0.537732 0.464973 0.441833 0.471407 0.490239 0.502449 0.572891 0.673781 0.699486 0.699305 0.770042 0.797210 0.859616 0.865350 0.800061 0.753357 0.680988 0.680628 0.656755
0.709821 0.651162 0.614861 0.587539 0.607232 0.534303 0.443610 0.454801 0.450874 0.402697 0.433946 0.388664 0.421680 0.481741 0.515203 0.627118 0.650812 0.688907 0.674050 0.715890 0.740931 0.794944 0.864174 0.912666 0.838700 0.785024 0.766644 0.744996 0.710565 0.659542 0.667287 0.708684 0.738090 0.738068 0.705053 0.688557 0.711918 0.680432 0.664852 0.667875 0.665375 0.729749 0.731414 0.655975 0.599460 0.536679 0.474945 0.492995 0.485750 0.534773 0.632261 0.679230 0.718709 0.725016 0.785158 0.849348 0.943204 0.907327 0.885684 0.802791 0.734100 0.699697 0.686891
0.667529 0.553096 0.574377 0.604369 0.589968 0.546500 0.500044 0.446405 0.441521 0.425271 0.401991 0.413015 0.385079 0.404232 0.469967 0.530596 0.564283 0.553264 0.561360 0.631880 0.696893 0.727686 0.778569 0.755704 0.747682 0.703336 0.694855 0.701749 0.653143 0.608020 0.643794 0.689095 0.715601 0.698655 0.662098 0.694470 0.691744 0.678243 0.697642 0.665655 0.699952 0.715174 0.734059 0.677393 0.635714 0.598329 0.542826 0.493252 0.549434 0.616189 0.624408 0.678584 0.725313 0.726490 0.786338 0.837166 0.910466 0.945906 0.900755 0.830041 0.760476 0.752682 0.702710
0.517720 0.456922 0.530867 0.572127 0.508311 0.472094 0.435293 0.389352 0.411710 0.398112 0.406963 0.407838 0.375625 0.363640 0.417287 0.440526 0.471795 0.548847 0.518041 0.560363 0.625592 0.646240 0.671105 0.653515 0.628157 0.650409 0.607852 0.607261 0.632517 0.615594 0.624081 0.653270 0.681923 0.654793 0.658850 0.682304 0.693308 0.733329 0.735414 0.678276 0.656378 0.622508 0.596368 0.605126 0.631762 0.609672 0.573870 0.525137 0.539630 0.570494 0.633341 0.668162 0.695306 0.679503 0.776650 0.810783 0.836261 0.822476 0.837284 0.802873 0.773179 0.755028 0.697144
0.487258 0.466985 0.456941 0.506990 0.463140 0.379971 0.374760 0.379023 0.395909 0.405028 0.447773 0.423685 0.389873 0.387938 0.401252 0.440383 0.489381 0.529930 0.486009 0.497417 0.618346 0.618619 0.619643 0.600508 0.568925 0.590506 0.536354 0.514661 0.501258 0.565108 0.612103 0.594360 0.624808 0.674073 0.714566 0.718462 0.713779 0.737708 0.749723 0.689324 0.599237 0.557592 0.555195 0.609390 0.589391 0.598987 0.594870 0.558073 0.549672 0.522506 0.559346 0.633691 0.629379 0.651318 0.646556 0.698289 0.710738 0.715238 0.723920 0.682790 0.672304 0.655971 0.647548
0.502925 0.450193 0.417982 0.431171 0.369340 0.307392 0.285822 0.262878 0.308983 0.341997 0.436300 0.481686 0.455702 0.455106 0.444309 0.422078 0.483474 0.511517 0.509378 0.502097 0.559500 0.622620 0.614092 0.569930 0.538991 0.512258 0.501823 0.466041 0.458455 0.508282 0.493613 0.482693 0.524314 0.600161 0.707195 0.722156 0.710494 0.730898 0.730940 0.695730 0.636187 0.580837 0.561681 0.544321 0.526189 0.589657 0.587621 0.570835 0.558401 0.485145 0.497190 0.535331 0.520685 0.550798 0.587224 0.614585 0.573108 0.552783 0.628313 0.642932 0.650528 0.666972 0.673372
